	sample_name_R	DBS_LIV_A	DBS_LIV_B	DBS_LIV_C	DBS_LIV_D	DBS_LIV_E	DBS_LIV_F
1	5FU.PATIENT10.LIVN.CLONE1	1.88265371271755	1.22563100373909	3.23991824876726	2.27937544627428	4.25760958019655	1.13041202808133
2	5FU.PATIENT10.LIVN.CLONE4	3.97382214783319	1.11582909545169e-07	3.54601226705171	4.84498327643849	4.21321204667802	6.43757015088552
3	5FU.PATIENT11.LIVN.CLONE4	1.13816726411955	0.000261911311407586	2.30275075397837	2.39824555149775e-07	9.57295121908453	0.00146862988564417
4	5FU.PATIENT14.LIVN.CLONE1	3.1310158719072	0.000229391134517551	1.09938238947656	2.99310914231788	12.7918631740668	4.18755093904747e-09
5	5FU.PATIENT6.LivN.CLONE2	9.99981834112785	1.04800149654549	3.00406044804167	0.973033541059142	7.9771959231658	4.01349027555118
6	5FU.PATIENT6.LivN.CLONE5	6.81306658073388	3.14027963229868e-13	4.72450993552222	3.27754650448086	9.52685967676163	2.67361732715934
7	5FU.PATIENT7.LivN.CLONE1	1.00384101322185	0.000137399447220168	4.00561014977869	1.9996019500427	5.00640951766487	3.13171007111132e-13
8	5FU.PATIENT7.LivN.CLONE4	0.00039198831427713	0.000307426873494599	0.00623112821700056	1.9631952473245	6.89257520005187	2.15289898251405
9	5FU.PATIENT8.LivN.CLONE13	4.00796755213583	0.000119047727027579	3.00244716410368	1.00384970314506	4.89510796207454	1.106108597287
10	5FU.PATIENT8.LivN.CLONE15	5.01100727978469	0.000160607094886605	2.47477064867957	2.52730196423285	1.00235951274545	3.13171007111132e-13
11	5FU.PATIENT9.LivN.CLONE3	3.13107091533212	0.000202683768836684	1.68446355849777	2.43754328438085	12.7623195437186	3.13171007111132e-13
12	c080216DCLONE2	1.99996158198359	0.000140627190108885	1.00402559824179	6.99062589608562	7.60104829812263	6.41979794096302
13	c080216DCLONE3	7.4298362812416	1.03612779394905	3.06379246101292e-13	1.97580462067513	5.91877494008892	2.65505634276751
14	c110116DCLONE2	2.98374366158508e-13	2.21934779591722	3.36682749216603	5.00820196171466	7.46586367972123	1.95535906409157
15	c150216DCLONE2	0.000939421986034002	0.000305622217800109	2.00726848947989	0.00053002828717231	0.000136605591534305	1.0064198590244
16	c180516DCLONE6	8.7456148548052	1.06054263472314	2.74968098770663	4.8038145074692	2.52940079462226	2.12654621752086
17	C30913DClone10	3.02122049337275	0.000230518169345871	0.998863130992438	1.9835336632287	4.8141387273387	2.19761345755717
18	C30913DClone12	0.000422389336522237	0.000247263209917682	1.002505931983	0.00038268714328075	0.000647035208361509	6.0113947048971
19	C30913DClone13	2.55563276009741	0.000247499655609819	0.000188375656849855	1.00361782759536	4.1537594314345	3.30215409159698
20	Healthy15CLONE1	2.00371159337682	0.00017627594439308	2.0059514506595	1.00296259974669	4.25537259245145	3.74742550018951
21	Healthy15CLONE2	1.00242724257095	0.000231369891937107	2.00422929085517	3.48497550957353e-13	5.91404453182744	1.09466758372691
22	Healthy16CLONE1	7.66412866334921	8.77976538795342e-05	3.17735139459942	1.00227311695891	8.31207228617505	0.859686767172333
23	Healthy17CLONE10	0.00052917058934381	7.28915972214486e-05	5.14497410248086	2.30217921996799	6.9849254342397	1.5829192203333
24	Healthy17CLONE3	3.27490722212264	0.000110313021921357	3.00878057913059	5.00088528745023	5.16185021926655	2.56906637038205
25	Healthy17CLONE4	3.34529451268974	0.000128179858557521	2.17452217743466	1.00288164925129	9.89795701161156	4.59481647642621
26	LiverC150216DHealthyPO	3.01281216587045	1.03504053946089	2.00734460150269	3.48497550957353e-13	3.71563747916314e-13	2.96040272158094
27	LiverC150216DHealthyPOA	0.000581208820774162	0.000231385745279317	3.0078235632208	0.000403842755588899	5.31592837296057e-05	2.00650687988066
28	300:PD37509b8	1.00955855497917	0.000413412388194058	0.00118657037880046	0.00133557312295778	0.000516218955621981	0.00258967065000456
29	312:PD37510b11	0.00197128503782259	0.000424793994773303	0.000746340417807507	1.00878283700544	0.000513859826549784	0.00316087512678949
30	HLS:1	0.00189249260193302	0.00047085483591543	0.00103258577676152	0.00196584417500193	1.00715819363582	0.00308002758899198
31	HLS:10	0.00187632830171049	0.000419679594489353	0.00121198599799156	0.00139128910283354	0.000632784551785301	1.01006793218117
32	HLS:11	0.00132223299208149	0.000396209633261982	1.00630907497999	0.000902241591204947	1.00460179226535	0.00206846061934111
33	HLS:12	1.00773989469337	0.000371155619148028	0.000492924730922325	1.00485206405239	0.000289975615617431	0.00185397719799578
34	HLS:3	2.00657140212137	0.000248914845305994	1.40232158598869	2.0071102420367	2.59934785403146	3.13171007111132e-13
35	HLS:4	0.00252323487598553	0.000441129882269771	0.000657740704401724	0.00173726859034641	2.00748336479865	0.00275725838632384
36	HLS:5	0.00158990874744437	0.000426947713784832	0.000477213631950269	2.01012711641019	0.000351408883923116	0.0026273874813464
37	HLS:6	2.0109042708659	0.000394738920467417	0.000884570400030695	0.00100129612119181	0.000275899637299322	0.00213922499656582
38	HLS:7	3.00530774239591	0.000332693308107934	0.00014180133169161	3.00899903611727	9.61296422954744e-05	0.000722572955831591
39	HLS:8	0.00178694037072657	0.000420709255981901	1.00869384563998	0.00109931870730604	0.000466048203823888	0.00313315131255192
40	HLS:9	3.03077559606861	0.000233573268241739	1.00409870923978	0.000360521625685562	3.71563747916314e-13	1.98013161410927
41	O132:PD36813h	0.000334048522473482	1.94347225937911	0.000257598538767819	1.039394221288	0.000261384459182687	1.03188048045391
42	O132:PD36813h3	0.00102148186263164	0.00038130542883834	0.000471900778025032	1.00627117862313	0.00036668374114131	2.00708744044774
43	O132:PD36813h5	2.00587350699123	1.00213069718066	0.000102778036122815	1.00372541418831	1.00324420869698	0.000523386827235183
44	O132:PD36813r12	3.48783615398649	0.000277252658721012	0.000219076815018809	3.48497550957353e-13	7.52414560258935	1.00312190497611
45	O132:PD36813r14	2.00357895991687	0.000295962437684049	0.000159004265048038	2.00459290124357	2.00352581647598	1.0034473364837
46	O132:PD36813u2	3.02120626646684	0.000259846789402677	1.02584030995895	2.97365005096844	4.99464350874507	3.13171007111132e-13
47	O162:PD36813g2	0.000504721802016533	0.000326657044498441	0.000278131243168745	1.00491419465194	2.18919450694095	2.8203817759805
48	O162:PD36813g4	0.000417444285852984	0.000297639319026011	1.00188624562385	5.01092744010926	6.00207119310729	3.13171007111132e-13
49	O162:PD36813s12	4.01742130263992	0.000267711428803767	0.000375508811744345	1.00454637810466	2.99349583814977	1.99949324952655
50	O162:PD36813s7	0.00158990874744437	0.000426947713784832	0.000477213631950269	2.01012711641019	0.000351408883923116	0.0026273874813464
51	O162:PD36813v3	0.000704902627258116	0.000353109597773302	0.000671276838942656	5.00375373153338	2.00944850867613	0.000668425316067066
52	O162:PD36813v4	2.00749705310047	0.000302149532823029	0.00265093949705468	0.00436896084090767	0.000676297865987695	3.00010459928137
53	O174:16	0.00163765463873027	5.00690312078548	0.00111053072271834	0.00200512165495478	0.000645111560668945	0.00329846522110328
54	O174:PD36814e5	1.00045690219775	4.00508743568257	2.00580136667967	3.48497550957353e-13	2.30223257150664e-05	1.00423130382221
55	O174:PD36814e6	1.27633987916056	76.7807671650821	0.000340462082827421	0.954997848893897	1.00315470620045	1.08122172425312e-12
56	O174:PD36814e7	2.98374366158508e-13	4.02335751476458	0.000178761603208704	1.00404272073098	2.98486393487265	1.00315705878473
57	O174:PD36814e8	1.23709010321026	39.5556307158559	1.71687557711634	0.978609411860292	2.52739423993618	3.13171007111132e-13
58	O174:PD37226d4	0.000723105946200345	2.45434232457475	0.000666211192751105	0.0010797580279314	2.55609684793948	0.00269175105642246
59	O174:PD37226d5	0.000637098051119851	1.04425263611355	0.964217954097696	2.41920412923713e-05	1.00488099929076	0.00158713288668084
60	O174:PD37226d6	1.00609097159194	5.00592815995145	0.00013783266155925	3.48497550957353e-13	1.00365346804982	2.99978957060842
61	O174:PD37265e	1.44774275488707	17.868478444498	2.44821747851521e-05	0.252827483173456	0.000889018167148157	2.44563783132325
62	O174:PD37265e5	1.99468701490952	40.5744604378203	0.00018057415105985	1.44062357670111	1.3643964768993	5.64125194193258
63	O176:PD36814f4	0.00103308342052138	0.00031929572478508	2.00694503548191	1.00518336639767	0.00018319851998449	0.00193603874553453
64	O176:PD36814f8	2.00406518891714	0.000289768962074937	2.00515258590917	0.000464565576892245	2.00536218220182	0.000265733447055886
65	O176:PD37226e4	1.00601438291685	0.000337733954861456	0.000288665683820944	1.00433503451941	1.31442600695016	0.690198165893255
66	O176:PD37226e5	1.00618300760873	0.000371753982963887	0.000490848349657407	1.00641127869199	0.000290037698643566	0.00185306556340752
67	O176:PD37265f	0.00109029993999185	0.0003944249399807	0.000847058263467051	2.00625117302889	1.00455478420476	0.00246224115027443
68	O176:PD37265f2	0.00126305446498625	0.000396183332995702	0.00055724069192946	0.00101681146912531	1.00505018376346	1.007316524623
69	O176:PD37265f4	2.83648642801804	0.000377717735150814	0.000190294673983318	3.99909987026758	1.17924048890865	0.000205166009144494
70	O187:12	0.00117632741250921	1.00345473723039	0.000489847528709184	0.00137252445999504	1.00278052886507	0.00632603403918965
71	O187:PD36813e	0.00130392397740538	0.000406403961530274	0.000422356250451082	1.0061756235162	1.00109583893526	0.00619584341099143
72	O187:PD36813e5	1.00462435003861	0.000240398228455596	2.00452914637609	4.00594761488238	8.4215833024044e-05	0.000174267785029136
73	O187:PD36813e6	1.00034851523665	0.000402664354289531	1.00435053401141	0.000168526248816447	3.67353904711741	1.33679072153078
74	O187:PD36813t20	0.00132345826153778	0.000419105710875532	0.00058217132671944	0.777727988373841	0.000336217218741354	1.23521105214994
75	O187:PD36813x15	2.00592589039608	0.000336646625838346	0.000714862801136934	2.00720488459264	0.000326578090581107	0.00109112132651507
76	O187:PD36813x16	0.000224824136136959	1.00251949438544	3.0082959920264	3.48497550957353e-13	4.43364196430835e-05	1.00451539393957
77	O189:PD36813ad17	0.00108686055800559	0.000366526035755198	0.000221020016175699	6.01188030241217	0.000255387858564485	0.00178985186696542
78	O189:PD36813ad2	1.0029415596044	0.000402149799268453	0.000278804794952339	1.00479346636005	2.00548890119126	0.00169510740126491
79	O189:PD36813ad6	0.00198642618953763	1.00478595015439	0.00173152142413118	0.00208720197910787	0.0013724414592899	0.00363645971747898
80	O189:PD36813ad8	0.000714628144340806	0.000343581675142428	1.00411623598967	1.00407625870454	3.00553529459777	0.00081400163984999
81	O189:PD36813ad9	0.000571433488653801	0.000284033992013522	1.00616495786438	0.000452141252181141	0.000194076346265871	4.00793336942879
82	O189:PD36813d3	1.00608520337995	0.000322111673447392	0.000231771863683696	2.00128535380296	1.00309046699902	1.0045850740409
83	O189:PD36813d5	1.00955855497917	0.000413412388194058	0.00118657037880046	0.00133557312295778	0.000516218955621981	0.00258967065000456
84	O193:PD36814g4	1.00277297291882	0.000376125412137798	0.000294237608492236	1.00427551883551	1.00314510375554	1.00473603172886
85	O193:PD36814g7	0.00111285937024511	0.000403786452744456	0.000350362575133849	1.00650405253156	2.00419098595885	0.00303794178277481
86	O193:PD36814g8	1.00644212807135	1.00218962644896	0.00013260141759438	2.0020260070637	3.00023614721304	1.00457346971302
87	O193:PD37226f5	0.00132194700517548	0.000405171092024371	1.00614785028607	0.000902511001835907	1.00475407969121	0.00206845300254092
88	O193:PD37226f6	0.00131696601939377	0.000388897873617867	0.000555786276883177	1.00628958266967	0.000326543159307838	1.00672221515593
89	O193:PD37226f7	0.000590671959823426	0.000302033279731612	1.0054409212139	0.000374105267354455	1.10552805090625	2.90336422851877
90	O193:PD37265g6	1.00469114232866	0.000440055636419907	0.00047861888912545	0.00093205666252169	2.00752828791332	0.00152983628051142
91	O193:PD37265g7	1.99997481838928	0.000216292740899638	2.00531901989787	3.00537026211122	2.00071217653563	1.00400742945399
92	O193:PD37265g8	0.000573221188726024	0.000259855487670896	2.72716716577061	0.000478586817133258	1.28038437096502	1.00673683423456
93	O208:PD36813ae	1.00358921700503	0.000208117233451102	2.42952165241009	2.48543965678128	1.4447425058802e-05	1.09682692064125
94	O208:PD36813ae3	0.0008875509946324	0.000385735579865407	0.000232876803850066	4.00870897564315	1.00439233979525	0.000992485630615829
95	O208:PD36813ae7	0.775468986877949	2.39826183386828	0.995530966505911	0.841224524090961	0.00366667543403926	0.0014470219283818
96	O208:PD36813c	0.00232735676523102	12.0106278794939	2.00062829498655	3.48497550957353e-13	0.00037208974086713	0.00164441679240271
97	O208:PD36813c2	0.000222666766747788	1.0246709283212	0.000203946177210234	1.98497376802744	1.00428094482107	0.00124772852514448
98	O208:PD36813c3	1.0040454424616	2.04602969888821	2.00307455994084	1.95911023273908	1.00334007704116	3.13171007111132e-13
99	O225:PD36814h2	0.999898486726785	0.000341922922051733	0.00131036568210465	3.01264690537453	0.000220755792773969	0.00118153830092691
100	O225:PD36814h4	1.00252346212598	0.000329778825990913	0.000212597456214323	1.90854724274635	2.00220374962406	1.10178315037161
101	O225:PD36814h6	1.0069500668614	0.00039455742125737	0.000661771662028166	0.00105719212490236	1.00482089792205	0.00171551309827436
102	O225:PD37226g5	1.00361140625801	0.000254215927687652	2.00028221926003	0.000262480391573084	2.00466232202102	1.00652738035252
103	O225:PD37226g6	0.000124890939540043	1.0208476969616	0.984782265897261	2.00536791500917	1.00090929377873	0.00356793305636108
104	O225:PD37226g7	0.00186042358419857	0.00041959116701969	0.00121394558027991	0.0013908687492012	0.000632114769214795	1.01008305588008
105	O225:PD37265h5	0.00067883508067827	0.000323634482254785	1.00402191176875	1.00359633154126	1.00298789445196	1.00399139590637
106	O225:PD37265h6	0.0008184983589949	0.000388500007223133	0.000427789390678578	3.0087293857671	2.00360138389426	0.00163441418480343
107	O225:PD37265h8	0.00110982685140392	0.000396561276679397	0.000319426250786481	2.00654406927465	1.00560018147103	0.00162991639205231
108	O232:PD36814i	0.00161558674441627	0.000250052447067486	3.00816025127747	1.00350015919647	0.00011973846231087	1.00195424330521
109	O232:PD36814i3	0.00104029230503098	0.000421899299887003	0.000438584156063799	0.00081956809906463	1.71174688280426	1.30113277063079
110	O232:PD36814i4	0.00136879002254249	0.000410464857410186	0.000430865391589575	1.01857708167663	0.992630790651023	0.00218199735977177
111	O232:PD37226h4	1.00381702883171	0.000334027173516989	0.000356415422738503	0.000376881088990051	1.08557067446323	2.92514497120376
112	O232:PD37226h7	0.00139142268195602	0.000432629436546066	0.00050221759934328	0.00159676237861725	3.00912608891753	0.00255087484708562
113	O232:PD37226h8	0.000564859363757528	0.000323917916728406	2.00552637294277	1.00343714683781	3.00489583492793	0.000851882171070655
114	O232:PD37265i2	0.00432870049365695	0.000298802212185258	2.00529545673247	0.000529759302764798	0.000300973776460983	1.00484633404467
115	O232:PD37265i7	0.00130360044561262	0.000374020874808313	1.00526235453055	1.00598293005177	0.000263711572678162	0.00241338740191732
116	O244:PD36814k2	0.000432123530524913	0.000167926357869788	3.87800882812731	1.13626877891951	4.339826981991e-13	2.00072238473494
117	O244:PD36814k6	1.00498609942791	0.00036659075733549	0.0089082664952666	1.99087254841638	1.00831594433164	1.00215053252934
118	O244:PD36814k7	0.000860873978030818	0.000368136688174236	0.00178830958893818	2.94407384905388	0.0002472357806168	1.06826156954389
119	O244:PD36814k8	1.00625635891061	0.000390750612530072	0.000490669343228015	1.00631898230139	0.00029004185353186	0.00185318887493996
120	O244:PD37265k	2.01014353999611	1.00309395666303	0.000230204923734534	0.000219587086819255	0.000207765510532589	0.00170494767758048
121	O244:PD37265k2	1.00955238208475	0.000413246952382781	0.00118737118358824	0.00133834147817458	0.00051647526818188	0.00259218350765676
122	O244:PD37265k3	0.000884007349940743	0.000395094817400267	0.000352718781840778	1.00465801599982	1.00385161846016	1.00545853437886
123	O251:PD36813ac15	1.00597017762927	0.000341931165997823	0.00131286060090691	3.00657522779694	0.000220624562771685	0.00117915309791839
124	O251:PD36813ac16	1.00955746976616	0.000413600253886793	0.00118688904112796	0.00133553002154442	0.000516243739823191	0.0025902676522124
125	O251:PD36813ac18	0.000806528021862129	0.000366197454520225	1.00231733707316	1.00468838172467	2.00531378309129	0.002107774729793
126	O251:PD36813ac2	0.00132223299208149	0.000396209633261982	1.00630907497999	0.000902241591204947	1.00460179226535	0.00206846061934111
127	O251:PD36813ac4	1.00109067193089	1.00203360387078	1.71093987060132	1.30062084924584	0.000130670423308398	0.000784347122761862
128	O251:PD36813ac7	0.00102343631823393	0.000362046901175576	0.000473405172108725	1.00570845815073	0.000290555510101389	2.00774208883389
129	O251:PD36813b4	1.00574301993015	0.000310872835582938	0.000345706532131046	2.85211642895382	1.00287165321979	1.15421229299554
130	O251:PD36813b5	0.00166112928702327	0.000234733594835859	3.00684650226773	0.00040382589640121	0.000195362100879384	2.00625848654726
131	O251:PD36813b6	0.00108464744581079	0.000387018445212575	0.000432030096442809	0.000874855993863547	2.00637660842117	1.00644483656758
132	O311:7	0.00131635704717065	14.0085634910772	0.000580817602841028	0.00195380102174229	0.00033514817030982	0.00285039790467742
133	O311:PD37512a11	0.000496823562824996	0.000287930938757391	2.00584379642328	0.000174837928504457	4.00727040064635	1.00152623156926
134	O311:PD37512a4	1.85238082969224	0.000245473520036576	1.27208799914253	2.59817277538235	3.48784361329009e-05	1.29267803921401
135	O311:PD37512a5	0.000640085964540543	0.000322199942957326	1.00262537039506	3.00738439702925	0.000163562792113551	1.00446437138202
136	O311:PD37512b	0.00198662268279362	1.00478562008493	0.00173149615898409	0.00208725740737236	0.00137245599759585	0.00363654859225132
137	O311:PD37512b7	2.98374366158508e-13	7.14512624289595	0.000194805367726021	1.86805908868801	0.000261193712756117	0.00195865995653215
138	O325:PD37513a13	0.000592260535889633	0.000363860564738203	0.000251780090635528	1.906428706117	3.0114406654229	1.09652270658538
139	O325:PD37513a2	0.000732285592427441	0.000363215566802923	0.000313601923336289	1.00384708459381	1.71079158984293	1.29955221122417
140	O325:PD37513a20	2.00474153738269	0.000299406122018329	1.00332881098189	2.00641354355772	0.000111947119864143	0.000704752093804758
141	O325:PD37513a21	1.00507784079767	0.000304753771648547	1.00409554322472	0.000207923004980482	7.0025070542307	0.00340688925911507
142	O325:PD37513a3	1.00903851386194	0.000292886753753624	2.0038208482908	0.000646786238798265	0.000165756745961251	0.00163523539233891
143	O325:PD37513b5	0.00189249260193302	0.00047085483591543	0.00103258577676152	0.00196584417500193	1.00715819363582	0.00308002758899198
144	O325:PD37513b7	1.0043262825737	0.000340815483896168	0.000390331786519676	1.00492460760753	0.000195402685001908	1.0054225514963
145	O325:PD37513b8	0.00178694037072657	0.000420709255981901	1.00869384563998	0.00109931870730604	0.000466048203823888	0.00313315131255192
146	O333:PD36814l2	0.000810749917253376	0.000362322640621941	1.00662422448842	1.00369258722333	2.00200005212675	0.00211006576961882
147	O333:PD36814l4	2.00901841714754	0.000309256608429643	1.00427090588382	1.00477301750321	0.996583837426069	0.000644569874780802
148	O333:PD36814l7	1.9549407413342	0.000269730116106413	2.01900588653615	2.00481022209221	5.03657342384691	3.13171007111132e-13
149	O333:PD36814l8	0.000812602588164681	0.000359950119083897	1.00426717190041	1.00529926179174	2.0038239477022	0.00103706801693079
150	O333:PD37226i5	0.00126305446498625	0.000396183332995702	0.00055724069192946	0.00101681146912531	1.00505018376346	1.007316524623
151	O333:PD37226i6	2.01201925146809	0.000363525436003185	0.000427025590873036	1.00112294864712	0.000205860027371161	0.00146138123993573
152	O333:PD37226i7	1.00573691752172	1.00221730915945	0.9968850744947	0.00067832969126523	1.00942232780143	0.000660054668889226
153	O333:PD37226i8	1.00113930201585	0.000313379771737697	2.00629278454274	1.0031536436124	1.00392176551653	0.000779141928500983
154	O333:PD37265l2	5.0085401986781	0.000310004635159068	0.000391470449503256	0.000567770802431662	2.00527714693288	0.000513408086799654
155	O333:PD37265l6	0.0013879644148769	0.00043301144698733	0.000497960827798453	0.00157206132906342	3.00841407894096	0.00329491890231856
156	O337:33	0.00184587918281551	0.000418945753498499	0.00118297762985205	0.00139167753811941	0.00107500491980474	1.00968551470498
157	O337:PD36814m5	1.27686174299999	0.000149910999551538	3.72376389102496	0.000245990833926626	1.00236192092624	3.01221659145111
158	O337:PD36814m8	1.00594302422439	1.01228313047922	4.56591400280516	6.43145985016417	3.71563747916314e-13	3.13171007111132e-13
159	O337:PD37226j4	1.96848485342138	1.04137424632899	0.000166555571147219	6.41690397641832e-06	1.00449878136286	0.00106914690704262
160	O337:PD37226j5	0.00101951920729086	1.00160586096362	1.99719508085586	2.00292880597695	1.00314991236186	1.00970082955366
161	O337:PD37226j6	3.00841655840709	0.00019366633920111	1.40674741048619	4.59302656550069	3.71563747916314e-13	2.00721577979414
162	O337:PD37226j7	5.81706151603507	1.04850539781366	3.06379246101292e-13	3.48497550957353e-13	3.71563747916314e-13	5.15003308842633
163	O337:PD37226j8	5.04937196834513	0.00021254572083625	1.01028035951111	1.96054794194524	3.71563747916314e-13	2.99518718282655
164	O337:PD37226o4	3.58596393047538	2.85904949622901	2.35699628988413	8.18982462258107	0.000627058238096911	6.02313856696771
165	O337:PD37226o5	0.778492534583432	2.26911179321885	2.70346158374451	3.77628283873593	1.34926802944145	5.13898322345399
166	O337:PD37226p7	2.44236857080939	1.72931938272693e-05	3.56465080372432	3.98786902588824	4.5691416267458	6.45155268645767
167	O337:PD37265m3	3.6129975212503	2.2418351901014	1.23471168584742	2.96066330260184	3.00606880377832	1.9593234867833
168	O337:PD37265m4	3.04856058732769	0.000215388583994178	1.00530188058007	2.00204013588825	1.00299799726812	2.95648400597946
169	O340:PD37226k2	1.00993930490828	0.000328770308287892	1.98652331849708	3.01092330737354	0.000200857813263012	2.0076844419417
170	O340:PD37226k5	3.75036261076105	0.000210723908965625	1.18191900468794	0.000253919302978389	1.11004629541216	1.97280746143306
171	O340:PD37226k6	4.00858681908772	1.00164311843333	3.05775387183588e-12	3.48497550957353e-13	1.5352174870821	2.47015257540251
172	O340:PD37226k8	0.000708391778114111	0.00032896083972626	1.00550024541913	0.000506120259685077	0.000185275928179835	3.00837101841013
173	O340:PD37457e6	0.00158017077482537	0.000452143433188601	0.000664332885177639	0.00172410902227236	2.00841384659579	0.00276539452521572
174	O340:PD37457f4	0.000544373759665066	0.000304723104100331	2.0041306832308	0.000157733376210925	5.99885354075398	0.0116089643557618
175	O340:PD37457f7	2.00475068477779	0.000282466100156943	1.00422213029911	0.000273161254497236	1.71157752412242	1.29449404511738
176	O342:PD37514a	1.00508289064343	0.000309661279495961	1.0040563896419	2.0050202605887	0.000169615825432171	0.000961178833846493
177	O342:PD37514a2	0.000920839528011742	1.00407456947221	0.000334021787774744	1.00719729621243	0.00038333357591179	0.00268993176011807
178	O342:PD37514a3	0.00111186383538879	0.000420809194023017	0.000350032100493785	1.00564826858442	2.00503419449204	0.00303482047108696
179	O342:PD37514b3	1.00581152865813	0.000395938332484994	0.000461685849509014	0.000549526648061426	1.00379861068694	1.0045827086445
180	O342:PD37514b7	0.00130398209245155	0.000365928819636619	1.00556851361371	1.00568465450305	0.000263630216020496	0.00241329563911177
181	O342:PD37514b8	1.00617767229897	0.0003619479762201	0.000754470009562264	0.000773130841649165	0.000243799006247265	1.00728898006655
182	O395:PD37226l5	2.00834081492844	1.00267001288017	0.000150554351172339	3.48497550957353e-13	0.000103906340780796	2.00433471281214
183	O395:PD37226l6	1.00620720263741	0.000353296947357847	1.00602589476161	0.000774967495472521	0.000248657314006244	0.00198999477101513
184	O395:PD37226l7	1.01150118655361	0.000418004178897526	0.000492429676689155	1.00104304098247	0.000289721058711143	0.00185560949332411
185	O395:PD37226l8	1.00501785580709	0.0003385768251321	1.00401834832743	0.000568509467865257	2.00392771379035	0.00172900693178483
186	O395:PD37457b4	0.00178694037072657	0.000420709255981901	1.00869384563998	0.00109931870730604	0.000466048203823888	0.00313315131255192
187	O395:PD37457b5	0.00189793538724256	0.000470821853953545	0.00103389462417998	0.00196887504490124	1.00714511503113	0.00308335667302612
188	O395:PD37457g5	2.01787545987683	0.000270389488702398	1.00425501644721	0.000341672937212991	1.00247312332106	0.990384350662843
189	O401:PD37226m5	1.00278825007016	0.000372843448451995	1.00548366011705	0.000647604517919054	1.00440562942538	0.00190202496119787
190	O401:PD37226m7	2.02615331593161	0.000227060719352145	2.01186971638918	0.978895279881759	0.995272715802282	1.00318192916266
191	O401:PD37226m8	0.0012663083098426	0.000396216845419406	0.000557230912831625	0.00101878104060704	1.00497814209389	1.00738331914298
192	O401:PD37457c4	0.000814332122746907	0.00034965011033734	0.999723655398218	1.00674524490984	2.00691334472321	0.0010537747767844
193	O401:PD37457h2	0.00178650809646103	0.000430383116306542	1.00868421898325	0.00109957942289191	0.000466193989618458	0.00313312988172461
194	O401:PD37457h5	1.00504236744459	0.000312263801516493	0.000238964088867901	2.00820468804757	0.000168765672743555	3.00163293347931
195	O438:PD37457i4	2.48503745463102	0.000208105146171016	3.04323943204177	0.000311214535988639	3.48680359875357	2.31990445390377e-07
196	O438:PD37457i5	0.000694204485415176	0.000380014649027632	0.000321388479059069	1.00367840781567	1.16185753173482	1.84866844218549
197	O438:PD37457j7	0.000732917810035937	0.000363550302133942	0.000312981784157131	1.00591136896396	1.71273349707006	1.29554567279395
198	O438:PD37457j8	0.000535481057750652	0.000311224727914924	1.00781302898294	1.00846582238738	2.9920664974139	1.0064079459383
199	OO10:PD36814d5	2.01213174008516	0.000306890483350504	0.00115404655228632	0.000498870553048991	0.000234229344613282	2.00127422338761
200	OO10:PD36814d6	0.000736141765412192	0.000363123165880828	0.000317090471847723	0.989570210976966	1.71584528567557	1.30876813680013
201	OO10:PD36814d7	1.00377395649535	0.00030969916648457	1.00396920947859	2.00641501531019	0.000169822294355734	0.000962294054160866
202	OO10:PD36814d8	1.00309655958193	0.000326511315997395	1.00409128747218	1.00430686474913	1.00327072861294	0.000508052234514995
203	OO10:PD37226c5	0.000752623595388095	0.000383804795487944	0.000286354607435165	1.94431115593376	1.3708794423185	0.698986600104652
204	OO10:PD37226c6	0.00109909662161189	0.000378698830826032	0.991735627931117	0.00276796923308533	2.01788953954637	0.00172907831569991
205	OO10:PD37226c7	0.000688491010730842	0.000350869219883819	0.000324082892389686	1.00384442320912	1.0037599825468	2.0066321406433
206	OO10:PD37226c8	0.00107911906239953	0.000372572199652883	0.000757809001736425	0.000894250274827968	0.00177356057269449	3.0107226880706
207	OO10:PD37265d	2.00396729274507	0.000335142388220099	0.000286150546396879	1.00672323237068	1.00356056405003	0.000727608877893688
208	OO10:PD37265d5	0.000728767741164434	0.000363593940946145	0.000287080282284496	2.00589115846676	1.00375960449177	1.0045697763283
209	OO10:PD37265d8	0.00954005967790178	0.000255710109810084	1.26729611444873	1.29677957184335	0.000328050551822291	4.44140049806956
210	OO13:PD36719a_lo005	1.00530423183585	0.000250698818875663	3.00798612604849	0.000561869285941987	0.0001056441413766	0.00139147059155828
211	OO13:PD36719a_lo008	1.99924199796071	4.00805953222233	0.000751041864087667	2.33898775278593e-05	0.00629907779951979	0.00122496488183857
212	OO13:PD36719a_lo018	0.999198817689718	10.0110277138718	1.00328092030688	3.48497550957353e-13	1.00267872805674	1.99941384121928
213	OO13:PD36719a_lo022	2.98374366158508e-13	13.0052051338153	0.000368677542454941	0.000200935402791235	0.000426624575273988	4.00939863949044
214	OO13:PD36719a_lo034	2.98374366158508e-13	48.5781067982507	1.43207454527281	3.48497550957353e-13	2.00541527181197	3.44557991318284e-06
215	OO13:PD36719a_lo048	1.23071757977347	38.418971347475	3.84613924369603e-11	3.48497550957353e-13	3.71563747916314e-13	2.36591110783989
216	OO13:PD36719a_lo049	4.68933766053328e-05	1.01634864035032	0.000175205647180136	2.99141882131151	3.0030190604288	1.00459134991792
217	OO13:PD36719a_lo066	0.00266959440671938	19.8341227702925	0.000150015742950318	0.174722939800632	0.000223028196450852	0.00371166824339038
218	OO13:PD36719a_lo072	1.00039934243474	11.6807229735133	1.82561395826376	3.48497550957353e-13	1.50103374303985	0.00783001628617962
219	OO23:PD36813m3	0.0019077947950317	0.000294269460933476	1.66220068530682	4.00694448884815	1.34425274756532	2.63294500540077e-10
220	OO23:PD36813m5	2.00276387000418	0.00032021073963998	0.000273391261711089	4.01104507161988	0.000140079871718305	0.00105734324444503
221	OO23:PD36813m8	2.00348490910686	0.000331936083726837	0.000532034612036502	0.000507210753338069	0.000131361609667564	2.01061254822563
222	OO23:PD36813n	3.00481675132116	0.000334924246229666	0.000337189270323168	1.00014500889317	3.7283888117476	0.281577302205447
223	OO35:PD36813l	1.00521297853836	0.000242362900180937	3.00808449544041	0.00056218896064993	0.000105645491158516	0.00139236939260567
224	OO35:PD36813l7	0.000634904811835186	0.000368823091676551	0.00115198476473473	1.90934688808316	2.00202973442034	1.1020676455167
225	OO35:PD36813l8	0.00060771044299929	0.000300915569224505	1.97898675972246	3.0408294108333	0.994706600555772	0.000168602071719077
226	OO39:PD36813y13	3.00738419866704	0.000326538836977974	7.28760608055362e-05	4.00391942854696	1.00366395405591	0.000232969723037456
227	OO39:PD36813y15	1.00437705218086	0.000318417356919141	0.000339876394707859	1.00451709874694	0.000184046201273906	2.00586350048292
228	OO39:PD36813y2	0.00184587918281551	0.000418945753498499	0.00118297762985205	0.00139167753811941	0.00107500491980474	1.00968551470498
229	OO39:PD36813y6	0.00131847112035612	0.000366430769848924	0.994313596045221	1.01690788074417	0.000265072883940377	0.00242855307412459
230	OO39:PD36813y7	0.00079370574398822	0.000364976940442245	0.000378963476263034	5.00962276333268	1.00049995567818	0.00393959074878324
231	OO82:PD36813k	1.00760388185325	0.000240363794196898	1.00468932388872	0.998099443580269	1.00246253411874	3.00250445597893
232	OO82:PD36813k3	1.00542570846679	0.00025965287901257	1.00672771471496	3.99871215941743	9.47264133247909e-05	3.00438001714267
233	OO82:PD36813k5	1.00282692659084	0.000280694651152688	1.01061067780574	0.983990136759489	1.00773800698357	1.01015356115541
234	OO82:PD36813o2	1.00618246552475	0.000371590402216941	0.000490705993111678	1.0064126571106	0.000290026203875924	0.00185254666082359
235	OO82:PD36813o9	0.000706459967667096	0.000390450134038115	0.000200041800240153	5.00687618028221	2.00694515620529	0.000481666170693555
236	OO82:PD36813z15	0.00135867679580388	0.000410778673220484	0.000425935582110397	1.04149387280245	0.969740238758207	0.00217048718316369
237	OO82:PD36813z4	2.00978237477137	0.000247580041273413	1.00343172771599	1.00416174757002	4.71712348099056e-05	1.99792940392986
238	OO82:PD36813z5	0.000518424795634457	0.000333085375040516	0.000254069961219272	2.0040300573156	2.00462797809614	2.00583636407604
239	OO82:PD36813z6	0.000494501972536455	0.000280887089897132	1.66992580795396	1.32157768982215	2.01647224112823	1.00684888007302
240	OO82:PD36813z7	0.000917274320274901	0.000402824478432292	0.000286689744908141	2.00239140182473	2.00854326552132	0.00305852428411117
241	OO82:PD36813z8	2.00914509148122	0.000304234069789139	1.00222618302445	0.00216959522014096	0.000175520133614972	0.00157939040328699
242	OO94:PD36813aa	2.01076383745826	0.000341487538716148	0.00042742449774877	1.00239833860377	0.000206153575031089	0.00146275072439168
243	OO94:PD36813aa11	0.00122942640967688	0.000364415794629252	1.00841353424645	0.000702226448734476	0.00023444032174975	1.00465596999633
244	OO94:PD36813aa12	1.00498088080587	0.000428529702942921	0.000657143566004949	0.00101586958532616	1.00578664186576	0.00273093356180522
245	OO94:PD36813aa16	0.000980898794413555	0.000394218658058008	0.000310608479298128	1.0095345848021	3.00098464688961	0.00339502965241274
246	OO94:PD36813aa2	0.00137319794453162	0.000353857360736275	2.01020280477835	0.000784320481770118	0.000245999784586923	0.0026398465471194
247	OO94:PD36813aa7	4.0116152547412	0.000327800665349528	0.000934596972422702	0.000723447090801513	0.00017379391422441	0.00182510849465368
248	OO94:PD36813j	0.000594287116411181	0.000318371789052843	0.000233704378826169	5.00898843045855	0.000265982326274122	2.00519918068374
249	OO94:PD36813j3	0.000477298305736078	0.000338351949339579	0.000523555393994458	1.8248339497428	3.00266382022282	2.18676300411654
250	OO94:PD36813j6	0.0013228121715233	0.000388613938831674	0.000559139542773684	1.00866793455768	0.000326634501684688	1.00433485642273
251	OO94:PD36813p	1.00495815205789	0.000318897531881856	0.000185359087456278	2.00249406145494	4.00563619957438	1.00200730791932
252	OO99:PD36813ab10	2.0010968021445	0.000343357757208534	0.000182450560842005	2.00326387869523	1.00550891779943	1.00520457524626
253	OO99:PD36813ab4	1.00429914168061	0.000259866723378481	2.00627050505017	0.000435015506458525	0.000148120582607369	1.00418737750001
254	OO99:PD36813ab5	0.000468747476013898	0.000330786451494736	2.00436605691657	1.00379874855469	1.12979671542707	1.87683896138029
255	OO99:PD36813i	0.00197070732297692	0.000425108244944466	0.000745262134011645	1.008786180646	0.000514021343970663	0.0031587117172303
256	OO99:PD36813i4	0.000932655751876141	0.000349474336015957	1.7517965539069	0.00147267824367668	0.000152428385719695	1.26089623246625
257	OO99:PD36813i6	0.000631169644466374	0.000263963172243674	3.01408882317466	1.00180166081417	0.998259221382881	0.000555192239593485
258	OO99:PD36813q11	0.00189793538724256	0.000470821853953545	0.00103389462417998	0.00196887504490124	1.00714511503113	0.00308335667302612
259	OO99:PD36813q14	0.000812724157690818	0.000392034653403016	0.000247327710114031	3.00781785070567	2.00402090708359	0.00230912729720114
260	OOO7:6	0.00131772226611476	0.000388605194866153	0.000556240160506581	1.00620534468263	0.0003270601487751	1.00680501870261
261	OOO7:PD36814b2	0.00108995605460071	0.000381343141134907	1.00563464569551	0.00076208030892251	2.00475878721906	0.00297319828029631
262	OOO7:PD36814b7	0.000300468077534738	1.01755299144542	0.000226121943997399	2.99535049180526	0.00028217938589754	0.00188772273898013
263	OOO7:PD37265b	0.0307823125003874	10.5890404522266	0.000176928666267391	0.0104890576620859	0.00022875129442728	2.38488250662924
264	OOO7:PD37265b7	2.98374366158508e-13	6.15188027053714	2.64402636673043	2.84034735095976	2.37474423169841	1.0046017933465
265	OOO8:PD36814c2	1.00386193491747	0.000271797205073856	1.00393311624356	2.00102056664037	1.00260806298967	1.00390451719904
266	OOO8:PD36814c3	0.000518916027819887	0.000158753962837874	4.91036907613215	0.000623566648686555	3.71563747916314e-13	1.10392975264195
267	OOO8:PD36814c4	0.00058238953694841	0.000295425117303347	1.00384194687884	2.0063850023426	0.000166417841901604	2.00432881406678
268	OOO8:PD36814c6	0.000631208261551105	1.01215409096513	2.00020836877204	0.000178529195074573	0.000203699867207514	0.00222413063424383
269	OOO8:PD37226b5	1.00085260576665	0.000292490412729638	0.000251682573214541	1.00474526181914	1.0864556553079	2.92300229373794
270	OOO8:PD37226b6	0.000715945910748072	0.000301201916056305	1.00708099288941	0.000506358517949141	0.000185135988082302	3.00681037743428
271	OOO8:PD37226b7	0.00130396650745098	0.000384294577179188	1.00562750635369	1.00560507144283	0.000264427248804107	0.00241473875550568
272	OOO8:PD37265c2	0.00130321531167278	0.000384641386325806	1.00512406035766	1.00610960201137	0.000263931627415598	0.00241455417997516
273	OOO8:PD37265c3	1.00629207440294	0.000359979214106708	0.0124963439843173	1.99476532506886	0.000239188415582878	0.00144707254410671
274	OOO8:PD37265c5	2.01524653651505	0.000259562458909894	1.0048413989705	1.89574956530415	0.994865582699058	1.10463735061255
275	PD28690:1	0.000357332605230424	0.000235265215795485	2.00606777769242	3.00421182089947	1.10419979827239	2.90052800424527
276	PD28690:10	2.00295690491883	0.000231283839899509	1.00256725589415	2.00360950091139	3.38546805195671	1.62076699466007
277	PD28690:14	1.00955855497917	0.000413412388194058	0.00118657037880046	0.00133557312295778	0.000516218955621981	0.00258967065000456
278	PD28690:15	0.998900808883647	0.000405337619825747	0.0106417453768844	0.00117665229235927	0.00206518355532166	0.00241027286755302
279	PD28690:2	0.000559871860327095	0.000338336149537339	0.00141026409378697	3.00822709522587	0.000267918832271088	3.00479648739272
280	PD28690:3	3.00483301257048	8.22058919665288e-05	4.00915652584101	4.00216058425796	1.10346016759247	2.89590752248188
281	PD28690:4	0.00400929030785751	0.000366918430819645	1.00719221351824	1.02001449807349	0.982713399394379	0.00130368371112851
282	PD28690:5	0.000445052762523072	0.00031366386779687	0.000244999402093621	2.00340892312289	2.19415438931818	2.81703295067036
283	PD28690:6	0.00122739604842742	0.000364403672550497	1.00622848566419	0.000700511958103424	0.00043517889470003	1.00664403694955
284	PD28690:9	1.00369995373376	1.00257846345612	0.000150423399861873	1.00357888550479	0.000184468506387737	3.00540779741412
285	PD34199:1	1.00684791956361	0.000362858725110289	0.00034114624019919	1.0022642611856	0.00018402751860706	2.00559977815098
286	PD34199:10	2.0036932302422	0.000358291623366915	1.00494629958407	0.000605684994829393	1.00529031378674	0.000706192768470843
287	PD34199:11	0.0673406976996376	0.000426724528304107	0.00655898364597219	0.00146383285109665	1.93730238421593	0.00250737450504029
288	PD34199:13	0.00186122627034134	0.000419582359658044	0.00121682320286542	0.0013954202193446	0.000633057284816114	1.01007389039297
289	PD34199:14	3.70236976901267	0.000196990882303428	2.06003178879056	1.25248439375248	4.69885332441519e-05	0.000470087649609018
290	PD34199:15	2.00585421827867	0.000339557892871236	0.000961702659760424	1.00662414718375	0.000391216976942047	0.00142914937450766
291	PD34199:17	0.000460396264402567	0.000334035245397582	0.000262838173068795	1.00332250481856	3.0051880292763	3.00603218272761
292	PD34199:18	1.00089636975052	0.000335348441975562	0.000331706730540978	1.00583656212397	0.0107553774084717	1.99744462688294
293	PD34199:19	3.01454197638131	0.000321428447593739	0.000223402039762231	1.99948195852988	0.000113577292781691	0.000917641671912289
294	PD34199:2	0.00572796376475146	0.000422011739244009	0.00192287487811408	0.00154389547799588	3.00348177876949	0.00250147126072894
295	PD34199:20	1.00654774339596	0.000477796516661293	0.0007558077917945	0.00077247014127349	0.000243944485125647	1.00680223786882
296	PD34199:21	0.00197070732297692	0.000425108244944466	0.000745262134011645	1.008786180646	0.000514021343970663	0.0031587117172303
297	PD34199:23	0.00131852910488869	0.000388915581326988	0.000555209443506348	1.0081722013671	0.000326829722284419	1.00483830592016
298	PD34199:24	1.00556826086593	1.00325082262448	0.000175340177588575	1.00484863959917	0.00023746124411878	0.00151946831183292
299	PD34199:25	0.000815751053108929	0.000320995791110709	2.06603094539675	0.00212113797723109	1.94426185359747	0.00204934114740091
300	PD34199:26	0.000919067363345841	0.000369201048761319	0.000322675807141886	2.94463920378866	0.000252715080248817	1.06909711152072
301	PD34199:27	2.00706385705673	0.000288382153680427	1.00391704269521	2.00199144538663	2.00233926726282	3.13171007111132e-13
302	PD34199:28	0.0230171926774349	0.000331163997713871	0.000281291110911387	0.000226033091692236	4.01003773172096	3.98170658082411
303	PD34199:29	0.00034319085298234	0.000186264715003115	2.00708873149666	4.00590347882359	0.000292406812504504	4.00178591891975
304	PD34199:3	0.000977814607586519	0.000356419550535433	1.00449753051997	1.00443468506422	1.0040054785912	0.00132807516849263
305	PD34199:31	1.00611893996877	0.000419890900699233	0.000490251537823332	1.00642720916864	0.000290460375359739	0.00185323994396224
306	PD34199:4	1.00728355213215	0.000313104025276947	1.00620805193652	1.00026273437129	0.000195198160776075	0.00133736478270514
307	PD34199:49	0.00184587918281551	0.000418945753498499	0.00118297762985205	0.00139167753811941	0.00107500491980474	1.00968551470498
308	PD34199:5	1.00428978638001	1.03705517997138	1.00351044505714	1.96959600083804	0.00014701189028474	0.00100157392008437
309	PD34199:7	0.00103395713742576	0.000324421150618092	2.005607854623	1.00650370969845	0.00018331661157543	0.00194675904018735
310	PD34199:8	1.00627961164759	0.000384628005045206	0.000382716138400673	0.000857989182578676	3.00630967093399	0.00138538043143128
311	PD34199:9	0.000946471204986973	0.000366163933551096	0.000474401291569078	0.000746012085354412	0.799421231044162	2.21364571874113
312	PD34200:1	0.000968279251887339	1.00349119796205	1.00788261106529	0.000295451755421339	0.000322734956970162	0.00263973941363199
313	PD34200:10	0.000890690943596076	0.000371131828941333	0.000233206787924872	4.00851205202177	1.0046000008139	0.000992882052616767
314	PD34200:11	0.00102277214654707	0.000381352640910199	0.000472343233544033	1.00580528505832	0.000349739334736764	2.00756849847132
315	PD34200:12	0.00178694037072657	0.000420709255981901	1.00869384563998	0.00109931870730604	0.000466048203823888	0.00313315131255192
316	PD34200:13	0.00131260134291916	0.000388935055041621	0.000549756855950154	1.0062565108645	0.000511207692699004	1.00658097934368
317	PD34200:14	0.00566031469975932	0.000273873752423499	0.974456650435569	0.000414964648478027	0.00017178179160963	5.0346224263435
318	PD34200:17	0.00125008744674755	0.000383863137513988	0.000292074505217938	4.0114206017538	0.000280657056865448	0.00197268190372325
319	PD34200:18	0.000148258728993176	1.02300988387211	1.98475323296897	1.00331798150534	1.00377377305533	0.000596887437197675
320	PD34200:19	1.00954892943053	0.000413243810959307	0.00118788477167476	0.00133966019400118	0.00051737227646472	0.00259290999109813
321	PD34200:20	1.00399427866159	0.000370398495358812	0.00032776260219462	2.00894339718286	0.000237509115264337	0.00172663728776225
322	PD34200:21	0.00130398209245155	0.000365928819636619	1.00556851361371	1.00568465450305	0.000263630216020496	0.00241329563911177
323	PD34200:22	0.000762540587262607	0.000368590085747323	0.000311043105882528	1.00447602434251	2.00439917366365	1.00528261662989
324	PD34200:23	0.00131696601939377	0.000388897873617867	0.000555786276883177	1.00628958266967	0.000326543159307838	1.00672221515593
325	PD34200:24	0.000618327149377298	0.000369518975395682	1.00216815764032	1.00507538891417	2.48457017531805	0.522798433292818
326	PD34200:25	0.00026792404484604	1.0226166320233	1.98979335181308	1.00111954556026	0.000162806716593101	0.00163975887370907
327	PD34200:26	0.00103703079234522	0.000323896225758765	2.01061936891418	1.00149886718864	0.000183107948366125	0.00193774730170629
328	PD34200:27	0.000741903774088798	0.000370555945873511	0.000325330431807464	4.00810289629086	2.00347090689297	0.00258836974563325
329	PD34200:28	1.00955529806187	0.000413258032261938	0.0011875169948037	0.00133712700011299	0.000516329192652728	0.00259047119304522
330	PD34200:3	0.00143781314922349	0.0003846903054429	0.000930906304435678	0.00107154898679398	0.000392388026029976	2.01138265268472
331	PD34200:30	4.01167211786218	0.000361506519107236	0.000693710229617785	0.000715966745094429	8.90745603215737e-05	0.00206762595928327
332	PD34200:31	2.01092452005136	0.000370153243365953	0.00088543743647356	0.00100337751162836	0.000275955931886145	0.00214055676671919
333	PD34200:32	0.00104640830776524	0.000388884003136872	0.000520646500166379	0.549990707489725	0.00030200194205939	2.46335134640539
334	PD34200:33	0.0017716929301253	0.00042059351607319	1.00086624140877	0.00110633247257959	0.00864553388282147	0.00278961916403662
335	PD34200:34	0.00189249260193302	0.00047085483591543	0.00103258577676152	0.00196584417500193	1.00715819363582	0.00308002758899198
336	PD34200:35	0.00100149419256166	0.00034047571275218	2.00791435942681	0.000669886063623971	1.00411896106764	0.00155484902556275
337	PD34200:38	0.00197070732297692	0.000425108244944466	0.000745262134011645	1.008786180646	0.000514021343970663	0.0031587117172303
338	PD34200:39	0.000708655509190682	0.00032895663058387	1.00588361153813	0.00050601925819257	0.000185279360614864	3.00798749034348
339	PD34200:40	1.00848742402882	0.000409204306496703	0.00066388061951809	0.00105613764057036	1.00326805891767	0.00171529357973368
340	PD34200:42	1.00618246552475	0.000371590402216941	0.000490705993111678	1.0064126571106	0.000290026203875924	0.00185254666082359
341	PD34200:43	2.01092741566709	0.000370075039977232	0.000884912818268349	0.00100216678329437	0.000275936314745252	0.00213949431806077
342	PD34200:46	3.02612146602348	0.00025264926771291	1.00471504831793	0.000393069336951197	5.76659882689745e-09	0.984117775875956
343	PD34200:47	0.00137160697417725	0.000363847473771536	2.01019620053777	0.000783557601425745	0.000245890641494525	0.0026389236683839
344	PD34200:48	0.00570021702135699	0.000422005556643478	0.00191464721223549	0.00153611982821162	3.00352992101087	0.00249708526088203
345	PD34200:49	0.000764000734155425	0.0003710377257994	0.000311264085409659	1.00524142425492	2.00339787945798	1.00551438215147
346	PD34200:5	0.0017716929301253	0.00042059351607319	1.00086624140877	0.00110633247257959	0.00864553388282147	0.00278961916403662
347	PD34200:50	3.01159665844851	0.00034232809985723	0.000765753550964729	0.000838073611837216	0.000177396693646563	0.00187979100375143
348	PD34200:51	1.00487234801125	1.00316810788346	0.000151296168807831	2.00599851304436	0.000214422237766912	0.00119529694139405
349	PD34200:52	0.00102860572433631	0.000358776391167241	1.58544745801311	0.000702289552828507	1.42645649129292	0.00160639828018931
350	PD34200:53	0.000570690084350284	0.00035033348521371	0.000276317167503068	1.82322143228099	1.00372136118044	2.18745984828815
351	PD34200:54	0.00186002780743224	0.000419591942988655	0.00121321857530747	0.00139047838791353	0.000632457368590003	1.01008422564776
352	PD34200:6	2.00734804044633	0.000332290054500222	1.00544714040296	0.000671137122117394	0.000168988232120925	0.00163241812953536
353	PD34200:69	0.0018601014010856	0.000419600304822084	0.00121252834177396	0.00139104841670987	0.000632375094610568	1.01008434617097
354	PD34200:7	0.00189249260193302	0.00047085483591543	0.00103258577676152	0.00196584417500193	1.00715819363582	0.00308002758899198
355	PD34200:71	1.0047358756471	0.00042061281610995	1.00396725452556	1.00431358338725	0.000177673421830621	0.00198500554511191
356	PD34200:77	1.01035044501944	0.000388172038588597	0.00260366151895309	0.000899950224387927	1.99984587515896	0.0015118937921074
357	PD34200:8	0.00118265835342784	1.00351102307623	0.000514292097743197	0.0014235200927778	1.00649458634243	0.00247391956915219
358	PD34200:83	0.00155636936780043	0.000442187296804636	0.00361255652482963	0.00163107106618085	2.00563042358269	0.00272738944222897
359	PD34200:84	0.00187632830171049	0.000419679594489353	0.00121198599799156	0.00139128910283354	0.000632784551785301	1.01006793218117
360	PD34200:9	0.000720004602442766	0.000321675223971207	0.000676865355219869	0.000682238851226217	0.00029030893539062	5.01290890567155
361	PD34200:92	1.00955746976616	0.000413600253886793	0.00118688904112796	0.00133553002154442	0.000516243739823191	0.0025902676522124
362	PD34200:96	0.00118265835342784	1.00351102307623	0.000514292097743197	0.0014235200927778	1.00649458634243	0.00247391956915219
363	PD34200:99	0.00197070732297692	0.000425108244944466	0.000745262134011645	1.008786180646	0.000514021343970663	0.0031587117172303
364	PD34201:10	0.00110297442091787	0.000406316058894643	0.000318990938572143	2.00690293003004	1.00524325685646	0.00162551320915463
365	PD34201:11	0.00122863100354388	0.000356329309318937	1.00639408348393	0.000699312336400699	0.000234254299453609	1.00668740275736
366	PD34201:110	0.00190206024144864	0.000419347360273962	0.00121194915655786	0.00139048233328659	0.000633687062894114	1.01004247357554
367	PD34201:12	0.00178694037072657	0.000420709255981901	1.00869384563998	0.00109931870730604	0.000466048203823888	0.00313315131255192
368	PD34201:13	0.977756697556575	0.000355161542366785	0.0179525786527082	0.000704047417959827	0.000235283705176701	1.01859623153884
369	PD34201:14	1.0057424033456	0.000394965216018869	0.000339400851354949	1.00255830432584	1.00470454612415	0.00186037068371875
370	PD34201:15	0.00143316697941937	0.000430526197038996	0.000932015410551425	0.00107015626856496	0.000392282681612631	2.01134185191954
371	PD34201:16	0.0013172946007875	0.000388901061834508	0.000556121629281295	1.00651158662078	0.000326402498201154	1.00649968474209
372	PD34201:17	0.00199064642950872	0.000424590799849085	0.000755950785082637	1.00873750183774	0.000512989470860896	0.00317831208665989
373	PD34201:19	0.00189249260193302	0.00047085483591543	0.00103258577676152	0.00196584417500193	1.00715819363582	0.00308002758899198
374	PD34201:2	1.00955503564613	0.000413260779571287	0.00118680296927459	0.00133649478588758	0.000517285481595416	0.00259112081228394
375	PD34201:21	1.0038517167162	0.000337480351898989	2.00615302637139	0.000570277739812271	1.00403390204991	0.000653622705537762
376	PD34201:22	0.00143493007729847	0.000411157660441815	0.000932819030243558	0.00107070539395273	0.000392604584647304	2.01135778271012
377	PD34201:23	0.00159056415204932	0.000406622683450637	0.000477292813174227	2.01014696158555	0.000351394969349951	0.00262714666487313
378	PD34201:24	0.00197070732297692	0.000425108244944466	0.000745262134011645	1.008786180646	0.000514021343970663	0.0031587117172303
379	PD34201:25	0.0018601014010856	0.000419600304822084	0.00121252834177396	0.00139104841670987	0.000632375094610568	1.01008434617097
380	PD34201:26	1.73444289694321	0.000318945200433628	0.000378003834089416	3.00650305532129	1.27362324993555	0.000333822198876141
381	PD34201:27	1.00553925845592	0.000436818880708873	0.000647800511730716	0.000948984613481017	1.00270032504548	0.00532681158463977
382	PD34201:31	1.00749418161792	0.000409067002895155	0.000663961067602629	0.00105705350150082	1.0042587984609	0.00171693744015874
383	PD34201:32	0.0017874549268719	0.000412180825863585	1.00643679229515	0.00340450926321507	0.0004729353497076	0.0030861407797041
384	PD34201:33	0.00132068160920532	0.000388954662298272	0.000555210018808959	1.00781572576969	0.000326376727401978	1.0051930423548
385	PD34201:34	1.0041818562997	0.000220920842888027	4.00566755260236	2.00690742292532	3.71563747916314e-13	0.998622284027306
386	PD34201:35	1.012263767184	0.00036193867765558	0.000754325353288929	0.000773562099620004	0.000243978573662545	1.00120242831546
387	PD34201:36	0.00134565767354734	0.000410893750881415	0.000422860706717715	1.00619636648563	1.00506921575904	0.00215499567151223
388	PD34201:39	0.00186002780743224	0.000419591942988655	0.00121321857530747	0.00139047838791353	0.000632457368590003	1.01008422564776
389	PD34201:4	0.000942124337929196	0.000376268058204297	0.000368618596162442	0.000749176774644817	2.82052097706018	1.1926428309744
390	PD34201:40	0.00126754110573488	0.000410107148411587	0.00056061974528528	0.00102052713338136	1.00466030650605	1.0076808967071
391	PD34201:41	0.00131067537164022	0.000366837253475781	0.983052701860269	1.02816848728887	0.000267109850894487	0.00243419276578834
392	PD34201:42	1.00955855497917	0.000413412388194058	0.00118657037880046	0.00133557312295778	0.000516218955621981	0.00258967065000456
393	PD34201:43	1.00333268088442	0.000362812047175109	0.000338109433284689	1.00638575174776	1.00413209442729	0.00104854197395584
394	PD34201:45	0.00189249260193302	0.00047085483591543	0.00103258577676152	0.00196584417500193	1.00715819363582	0.00308002758899198
395	PD34201:46	0.00197010674504182	0.000445998022122071	0.000745090075477157	1.00876584132487	0.000514024458927354	0.00315893078288854
396	PD34201:47	1.00488210978522	0.000357949171980985	0.000278957564956437	1.00471434261016	2.00449748814563	0.000869141876388872
397	PD34201:5	0.00130360044561262	0.000374020874808313	1.00526235453055	1.00598293005177	0.000263711572678162	0.00241338740191732
398	PD34201:50	0.00122828390171636	0.000355881614841872	1.00244382787971	0.000700026429421007	0.00463108592992301	1.0062409073756
399	PD34201:54	1.00955855497917	0.000413412388194058	0.00118657037880046	0.00133557312295778	0.000516218955621981	0.00258967065000456
400	PD34201:58	0.00122977440663687	0.00035631837290974	1.00720085503484	0.000699222637816996	0.000234275380872967	1.00587956736795
401	PD34201:6	0.00178694037072657	0.000420709255981901	1.00869384563998	0.00109931870730604	0.000466048203823888	0.00313315131255192
402	PD34201:60	1.00618246552475	0.000371590402216941	0.000490705993111678	1.0064126571106	0.000290026203875924	0.00185254666082359
403	PD34201:7	1.00579849541397	0.000394590103132026	0.000661773922279728	0.00105741905605454	1.00596989795032	0.0017178226420438
404	PD34201:8	2.0071921119545	0.000309570091740574	1.0056234946436	0.000672709223146246	0.00016905927159005	0.00163306920523618
405	PD34201:83	0.00197010674504182	0.000445998022122071	0.000745090075477157	1.00876584132487	0.000514024458927354	0.00315893078288854
406	PD34201:9	1.00955855497917	0.000413412388194058	0.00118657037880046	0.00133557312295778	0.000516218955621981	0.00258967065000456
407	PD34202:1	1.00950304945412	0.00046966542557409	0.00118588557608605	0.00133454435064764	0.000516983790035375	0.00258987187831152
408	PD34202:10	2.98374366158508e-13	2.0039978327092	1.00415007522595	1.00281122882189	1.00370585679582	0.000935011793747196
409	PD34202:11	1.00950402255313	0.000468296641317423	0.0011866597023329	0.00133471042889756	0.00051598122892312	0.00259032992018382
410	PD34202:5	0.000894771455824278	0.000361722862426518	0.000395728949968357	1.00550510144417	0.0163288575436179	1.99211380861308
411	PD34202:6	1.00604950837615	0.000447374027652787	0.000660531899439067	0.00105286792027613	1.00567513427996	0.00171458258491262
412	PD34202:7	0.00186032670155579	0.00047905117099231	0.00121700979790368	0.00139071965630959	0.00063160359203564	1.01002128881132
413	PD37266:1	1.00376805528816	0.00029823330085093	1.00391386263013	0.000394988561560539	1.00289185890622	1.00433301356416
414	PD37266:10	0.792055570769273	2.19506315370312	0.000150074206954261	1.01007295235606	2.00783939404586	1.01041884565769
415	PD37266:11	1.00617767229897	0.0003619479762201	0.000754470009562264	0.000773130841649165	0.000243799006247265	1.00728898006655
416	PD37266:12	0.00062787038641948	0.000338702951955236	0.000311537465470479	0.000421038230288895	3.41417241558735	2.59972842998386
417	PD37266:13	1.00695421119039	0.000394717203108263	0.000660979903381173	0.00105384400548834	1.00482149174126	0.0017147550463006
418	PD37266:14	1.00465704908758	0.000283001914431161	1.0037466168463	3.00335025366391	2.00356306403369	3.13171007111132e-13
419	PD37266:15	0.00189249260193302	0.00047085483591543	0.00103258577676152	0.00196584417500193	1.00715819363582	0.00308002758899198
420	PD37266:16	0.000586598670120815	0.000343570772812914	1.00285218886726	1.00327683936791	2.00444333344906	1.00409747071584
421	PD37266:17	0.00075379950730299	0.00034591078999037	0.000410730793760072	0.00058780310002743	1.08639638376893	2.92710536975295
422	PD37266:18	1.00579849541397	0.000394590103132026	0.000661773922279728	0.00105741905605454	1.00596989795032	0.0017178226420438
423	PD37266:19	0.00112187688806104	0.000430887199452052	0.000350885520286119	1.00653306861381	2.00529381727832	0.00186945316996681
424	PD37266:2	1.00424967589283	0.000336099140715743	0.00033958210269084	1.00443202151516	0.000183985783537145	2.00605862692931
425	PD37266:20	1.00681660330778	0.000394576034980927	0.000661583111352275	0.00105517221534887	1.00495663948976	0.00171542493045725
426	PD37266:21	1.00291121786482	0.000358229739111222	0.000253260480889102	2.00671638901362	1.00462456386463	0.000736321020396625
427	PD37266:23	0.000707895975728201	0.000277732552550892	2.00850486652034	0.000462889405599051	0.0103158484271233	1.99533079343949
428	PD37266:24	0.00159321413132521	0.00040645075569053	0.000478060787785637	2.01014342344593	0.00035134277387999	0.00262749097388063
429	PD37266:3	1.0034455001801	0.000362549548784931	0.000338582233212326	1.00555865048713	1.004846732425	0.00104797564579887
430	PD37266:4	2.00184374756015	0.000278509559206173	2.00267494591729	1.00532260003256	1.00539150567468	8.87090422660122e-05
431	PD37266:5	0.00066558863600995	0.000380480327996407	0.000336353041658847	2.00706688933597	0.000251046466012746	3.0068996242676
432	PD37266:6	0.000414966058750918	0.000275496203770693	1.00096393291485	0.000181433597533808	3.00762327237945	4.00614090702099
433	PD37266:7	0.00109909662161189	0.000378698830826032	0.991735627931117	0.00276796923308533	2.01788953954637	0.00172907831569991
434	PD37266:8	1.00393126407959	0.000322600822018031	0.000324104544313721	0.000344235778977434	2.00483277983574	2.00584501211087
435	PD37449:1	0.00138591103000516	0.000398316639698871	0.000357043720943413	3.01090329144657	0.000303927743180219	0.00225148375438164
436	PD37449:11	0.00189249260193302	0.00047085483591543	0.00103258577676152	0.00196584417500193	1.00715819363582	0.00308002758899198
437	PD37449:16	0.000767704370796195	0.000306051596046455	2.00758852921195	1.0024372850977	1.00365578605137	0.000844660616677616
438	PD37449:18	0.00159081395599229	0.000406470903570177	0.000477663814866948	2.01014553419317	0.000351355025351018	0.00262814497551861
439	PD37449:19	1.00478689211608	0.000411796187223743	1.00462543673424	0.000677773725900808	1.00408238024774	0.00101573351887552
440	PD37449:20	0.00110074553251588	0.000384629440429634	1.00410542620028	0.000797817909996273	2.00742916801817	0.00178222357402833
441	PD37449:22	0.00122833384730259	0.000364471599824997	1.00634632661301	0.000699535037819529	0.000234318422417262	1.00672702766899
442	PD37449:23	1.7462690753824	0.000264046421517654	1.00388068658898	0.000304253240641308	1.00300516621529	2.26187678440691
443	PD37449:24	0.000474415186032504	0.000261381380522614	3.00629056961931	2.00436168035164	2.00414348741477	6.84864425574649e-05
444	PD37449:26	1.00665669575678	0.000409466913056063	0.000755549699581707	0.000773848115972685	0.000243829464103026	1.00676061025013
445	PD37449:27	0.0673406976996376	0.000426724528304107	0.00655898364597219	0.00146383285109665	1.93730238421593	0.00250737450504029
446	PD37449:28	2.04617885469879	0.00034597833840112	0.000276998565460539	0.000280340335834813	2.00829850518442	1.96021932054275
447	PD37449:29	2.00277498933006	0.00027781567431618	1.00224828401768	1.00394547641443	4.76578996368188e-05	2.00630578190768
448	PD37449:3	0.00186042358419857	0.00041959116701969	0.00121394558027991	0.0013908687492012	0.000632114769214795	1.01008305588008
449	PD37449:30	0.000871418846112271	0.000314790289030652	2.00800153047623	2.00474673555183	0.0001594703787291	0.00150606424073431
450	PD37449:32	0.00186002780743224	0.000419591942988655	0.00121321857530747	0.00139047838791353	0.000632457368590003	1.01008422564776
451	PD37449:33	1.01141838666679	0.000342235399405738	1.00857376409633	0.00039535501883759	1.00265954111356	0.992210730025744
452	PD37449:34	0.0010462283328179	0.000327339036982385	2.02441935166153	0.987669339319654	0.000182291183654637	0.00195546913896396
453	PD37449:35	1.03468311979156	0.000336227720800643	0.00062183787501932	0.000649974869439652	0.000208069037148212	1.97910077065348
454	PD37449:36	0.000714519668010526	0.00027793287364207	2.00802088657331	0.000462911457943067	0.00012212035673665	2.00600165539581
455	PD37449:37	0.00189249260193302	0.00047085483591543	0.00103258577676152	0.00196584417500193	1.00715819363582	0.00308002758899198
456	PD37449:38	0.000623883963053884	0.000256579886845429	3.0082665163833	1.00133451488428	1.00456736330905	0.000551171918861643
457	PD37449:39	2.00072058462561	0.000307916112875677	0.000117074182356552	5.01368555403657	0.000134672460708683	0.000634156772328744
458	PD37449:43	1.00950402255313	0.000468296641317423	0.0011866597023329	0.00133471042889756	0.00051598122892312	0.00259032992018382
459	PD37449:46	0.00197070732297692	0.000425108244944466	0.000745262134011645	1.008786180646	0.000514021343970663	0.0031587117172303
460	PD37449:48	1.02143002435365	0.000304329108988821	1.00486808774685	0.000510980842630786	0.000130598851351759	0.988355992749059
461	PD37449:5	0.000710801185707276	0.000360593467989526	0.000299931460770771	3.01219706557411	0.000244790158449364	2.00178679193176
462	PD37449:6	0.0018601014010856	0.000419600304822084	0.00121252834177396	0.00139104841670987	0.000632375094610568	1.01008434617097
463	PD37449:64	1.00950402255313	0.000468296641317423	0.0011866597023329	0.00133471042889756	0.00051598122892312	0.00259032992018382
464	PD37449:8	0.000909305139827597	0.000327138451640711	1.00503295864992	0.000580998042444814	0.0119362414206192	1.99681337118275
465	PD37449:86	2.00165849981651	0.000340726324248135	1.01112007341577	0.000672617761592986	0.000171299028088882	0.00163679811461311
466	PD37449:9	0.00197070732297692	0.000425108244944466	0.000745262134011645	1.008786180646	0.000514021343970663	0.0031587117172303
467	PD37590:1	0.000592028070491174	0.000318354277987813	0.000229236058937176	5.01259089052835	0.000229054622646354	2.00164039316469
468	PD37590:100	0.00111616682018491	0.000356061811855935	0.000801286165994403	0.000890895468986353	0.000365554602030135	3.01207003431504
469	PD37590:102	1.00596094578608	0.000394603952060988	0.00066106235107694	0.0010547601751139	1.0058122261638	0.00171640065997326
470	PD37590:16	0.00054888229131895	0.000341995482824162	0.000251781121052785	2.00567316987454	2.5123412921347	1.49644285814255
471	PD37590:17	1.00606057553945	0.000325220308186764	0.000152317892747197	5.00498997798083	1.00375678929484	0.00031507540650753
472	PD37590:18	0.00197010674504182	0.000445998022122071	0.000745090075477157	1.00876584132487	0.000514024458927354	0.00315893078288854
473	PD37590:20	1.00487057272628	0.000442386069825924	0.000461614037028493	0.000549116153223663	1.00371835195906	1.00555795787366
474	PD37590:21	0.00159024566880514	0.000416550518163576	0.000477254517237491	2.0101372610614	0.000351401893610443	0.00262726920932876
475	PD37590:30	0.000623431178514325	0.000259459392628477	3.00660767547506	1.00399185794928	1.00356711384093	0.000550492465496033
476	PD37590:34	0.00433066213216219	0.000302646045409658	2.00611940909867	0.000529623517043998	0.000301242921381815	1.0040164428588
477	PD37590:35	1.00955746976616	0.000413600253886793	0.00118688904112796	0.00133553002154442	0.000516243739823191	0.0025902676522124
478	PD37590:39	0.00158163636402461	0.000444458498414159	0.00066436439318179	0.00172838558558876	2.00840530691499	0.00277584548024125
479	PD37590:4	0.000531100150449288	0.000429202832947577	0.000724314220893849	3.95854017818101	2.00492555574566	1.05044961209107
480	PD37590:42	0.00189249260193302	0.00047085483591543	0.00103258577676152	0.00196584417500193	1.00715819363582	0.00308002758899198
481	PD37590:43	0.00197070732297692	0.000425108244944466	0.000745262134011645	1.008786180646	0.000514021343970663	0.0031587117172303
482	PD37590:46	0.000332357422155884	0.000197730592092537	1.26282265448386	0.0222876759163691	1.29312933962897	7.43683025486917
483	PD37590:47	0.0013726075011331	0.000354870566948487	2.00970590818459	0.00130215503494375	0.000248214813308027	0.00261627078511401
484	PD37590:5	1.00353191157521	0.000251708687661104	1.00287576889053	2.00419184694908	1.00278298744057	2.00196577133903
485	PD37590:50	0.00048760227810474	0.000317802670283582	0.000214557593390766	4.00752412446809	1.00367650933345	2.00337936756992
486	PD37590:51	1.00033735395929	0.000308020934147534	1.0046741338054	2.00914781193793	0.000169773060027352	0.000962903086855303
487	PD37590:52	1.00276036128348	1.24731743987432	0.95133668331684	1.98003607033671	1.75055644012929	1.08359299982261
488	PD37590:6	0.000466062458088183	0.000264596670419697	1.38033408241743	3.6302683288493	0.000134357610419031	2.00413255897287
489	PD37590:60	1.00317787646579	0.000298213160475426	0.000200481263674742	2.00397155970647	2.00367677027204	2.00427507922078
490	PD37590:63	0.00197128503782259	0.000424793994773303	0.000746340417807507	1.00878283700544	0.000513859826549784	0.00316087512678949
491	PD37590:64	0.00198523484321119	0.000424697047664569	0.000746478822175966	1.00876860418786	0.000513695813593383	0.00316128069480997
492	PD37590:65	0.00197070732297692	0.000425108244944466	0.000745262134011645	1.008786180646	0.000514021343970663	0.0031587117172303
493	PD37590:66	0.000963550078673475	0.000369567197718833	0.000463750978678952	0.000749919602056184	1.00464296209712	2.00841024812034
494	PD37590:67	0.00122911359497846	0.000364505502129376	1.00627241546317	0.000699488415129164	0.000380471632094564	1.00665401858069
495	PD37590:68	1.00589251308355	0.000318030789261606	0.000252186607984831	1.00622930589399	1.07885483275405	2.92405312048862
496	PD37590:7	0.000514838256040969	0.000281290146443352	0.000456755997337211	0.00552347300585468	0.000252219710039262	7.0085714209369
497	PD37590:71	0.00186002780743224	0.000419591942988655	0.00121321857530747	0.00139047838791353	0.000632457368590003	1.01008422564776
498	PD37590:72	0.00197128503782259	0.000424793994773303	0.000746340417807507	1.00878283700544	0.000513859826549784	0.00316087512678949
499	PD37590:73	2.00530464673147	0.000301998958333511	0.000209769683102687	1.00535560973775	1.70774946107885	1.29667850348043
500	PD37590:8	0.00197128503782259	0.000424793994773303	0.000746340417807507	1.00878283700544	0.000513859826549784	0.00316087512678949
501	PD37590:80	1.00260776885159	0.000247618855215857	4.01346261522001	1.00488602414836	3.71563747916314e-13	0.994396018270069
502	PD37590:81	0.00130444860065806	0.00036560578763655	1.00642914415778	1.00482202314854	0.000263535139753249	0.00241524806848088
503	PD37590:82	1.00466128717203	0.000311763915026051	1.00618432286456	1.01155185180893	3.98952936899074	1.00336140480859
504	PD37590:83	1.00827924805953	0.000110554048796458	4.81030418881046	3.19690604667559	3.71563747916314e-13	3.13171007111132e-13
505	PD37590:85	0.00189793538724256	0.000470821853953545	0.00103389462417998	0.00196887504490124	1.00714511503113	0.00308335667302612
506	PD37590:88	0.000583367454612072	0.000230669882377324	3.00465572773271	0.000579675777871852	9.07152227673122e-05	2.00945988359174
507	PD37590:90	0.00138333825184959	0.000470221194167182	0.000357285886261214	3.01083400186826	0.000304201477926256	0.0022509256569799
508	PD37590:92	0.999863514970007	0.000267458938574303	1.74964873851659	1.09524001897646	6.42275564164969e-05	1.17051605526951
509	PD37590:93	1.00492263414602	0.000408850062587159	0.000337968222159818	1.00508537655936	1.00379794305533	0.00104721848076124
510	PD37590:96	1.005927262087	0.000341931090333847	0.00131346772953279	3.00661729997427	0.000220480370414322	0.00117953360188097
511	PD37590:98	0.00104642930067021	0.000388886998839921	0.000520377662356935	0.550257423829596	0.000301964006748004	2.46308491284783
