	MutationType	SBS_LIV_A	SBS_LIV_B	SBS_LIV_C	SBS_LIV_D	SBS_LIV_E	SBS_LIV_F	SBS_LIV_G	SBS_LIV_H	SBS_LIV_I	SBS_LIV_J	SBS_LIV_K	SBS_LIV_L	SBS_LIV_M
1	A[C>A]A	0.047631759764358	0.0231611838960351	0.00776745855751754	0.0542698257088868	0.0110518693356738	0.0374035877551174	0.0290485560177308	0.00632037030408572	0.0446202278257787	0.00795806778348467	0.0224321611356486	0.000181953405563384	0.0275141530971007
2	A[C>A]C	0.0222714049675298	0.0115143702909605	0.00300659312399871	0.0303131682581103	0.00528516059067321	0.00610549273876649	0.032986179224103	0.00843563972661295	0.0183642464383145	0.00973964342453677	1.94536123856919e-05	0.0071862005326346	0.015379372141241
3	A[C>A]G	1.59721151499247e-20	0.00111280944918962	0.00165803650022584	2.58414870409307e-09	0.00532866582989525	0.000142085450993306	0.0056343812279996	0.00954668680679163	0.0105298397371736	0.00671020916377808	1.78894635341722e-20	3.59305996190099e-09	0.00597408582131763
4	A[C>A]T	0.0254843037815324	0.0147191432151183	0.00569497837668242	0.0311949187687567	0.000828940560562928	0.00855037971138489	0.0106266520762076	0.0113148760649914	0.0423874662174148	0.0119241977866505	0.0112983977527062	1.18761284501534e-13	0.010203510375304
5	C[C>A]A	0.0252348951027122	0.0204414754591649	0.000521393353471514	0.039399906352722	0.00270628903651967	0.0398112903129626	0.0428412875759684	0.00609103319598846	0.0270809042693787	0.00548598740321281	0.000926461006208727	0.00810174257684643	0.0379128109153218
6	C[C>A]C	0.00906859785501082	1.01488570786137e-14	0.00526050817867301	0.0253741668399527	0.000736489957213577	1.18386007103204e-19	0.0655584128718669	0.00896410602498032	0.0336774916063871	1.69992209268555e-17	1.68198436248519e-10	0.00887922367916905	0.0317373292707514
7	C[C>A]G	1.59721151499247e-20	1.29779517054716e-14	1.70339839450024e-20	0.00115529359971063	0.00249650124397185	0.00333944280466777	0.00729115566550559	0.00515694127604589	0.00696045974194711	0.0018146463715724	1.26738961876393e-09	0.00273362661049857	0.010853923933337
8	C[C>A]T	0.0162387103231109	0.0131706105616991	0.00194944440758306	0.0205225551781605	0.00960914606496234	0.0223581279396803	0.0325477465800631	0.00673878168504415	0.0265512944366231	0.0075825855528936	0.0079405283694393	0.00242821502604873	0.0207373318516814
9	G[C>A]A	2.04499959835958e-06	0.0127544142248572	0.0103003026169281	1.44240437166524e-06	0.00732710761699555	0.0476455427839067	0.03061040855518	0.00268250288966335	0.031649498201007	0.0131088538340953	0.0179584125917334	0.0100257808494531	0.0158719897930537
10	G[C>A]C	5.49889874199992e-06	0.00719405174465562	0.00807323615782924	0.0135972619527031	0.0015384451953341	1.65843994356774e-08	0.0112338835578181	0.00243903458515329	0.109870615696369	5.92582782873366e-11	3.26747164904213e-07	0.0107532984888749	0.0137470760190929
11	G[C>A]G	1.59721151499247e-20	1.51956527707034e-20	3.40103447385532e-09	0.000111153415654146	2.04458588834601e-20	0.0062641008988742	1.85344279686415e-17	0.00150342702530643	0.0325582202166271	0.000576767500195836	2.7666150985053e-14	0.0044870863868208	0.00472461055994212
12	G[C>A]T	0.00352085987053758	0.0170216200110396	0.00943136747451079	0.00159773209771728	0.00703002104243468	0.00664642644960286	0.0120689031635321	2.41035969751132e-06	0.0597820860866905	0.00810232312493485	0.0178968109939878	0.0049338456316792	8.20811583993648e-05
13	T[C>A]A	0.0144420719108237	0.0327137807291092	0.0166715756204705	0.0155678205010304	0.0112379064913383	4.57482728866906e-05	0.038372330412146	0.000224046415553963	0.0310924569931139	1.53177912405551e-08	0.0322791327350784	0.0086111284492363	0.0185303019724587
14	T[C>A]C	1.28177293910783e-07	0.0165638581693395	0.00641935958107883	0.00218600484391607	0.00930660385586243	2.40224941750907e-06	0.0440743775573893	0.00255359987244293	0.0525513177581976	0.00683252749848868	0.0165828358114363	0.0164216982948583	0.0460680102521763
15	T[C>A]G	0.00333999447476539	1.51956527707034e-20	0.00120941750895914	0.00270379010585274	0.00492364980368599	2.48095312664549e-13	0.000772832205288793	0.00378590590377872	0.0123692326723138	0.00182242338892422	0.00328293795232143	0.00229675552392901	0.00769374283019135
16	T[C>A]T	0.0222686437120916	0.024294802440995	0.0196635225273895	0.0114503138898003	0.0127235962097814	0.00108335271818217	0.0297923764540302	0.00135872344838862	0.0415324770990043	0.000538235196550181	0.0516802614286525	0.00996126596636454	0.0238823591618441
17	A[C>G]A	0.0279427674870751	0.00763531797563719	0.00258272069064738	0.00756554730820741	0.00308860397430575	0.0226787727961186	0.004424370689928	0.00992480064957371	0.0114339478236837	0.00150207923311936	0.000176432528660324	0.00463880927444683	0.00932391138770132
18	A[C>G]C	2.37718194102097e-05	0.00536325276260861	0.00224929702328609	1.79022011528371e-06	0.00261065321727383	0.00814462711159431	0.0105448057458285	0.00076538881213021	8.57652555708131e-10	0.00577805307470268	0.0130177812246713	0.000536227100084648	0.00637909463434953
19	A[C>G]G	4.836153623197e-19	6.62307294452183e-07	0.000115050267450399	0.00414838637944224	0.000418236552997009	0.00895031350986575	0.000507318193214224	1.76600559750219e-05	0.00133872216676511	0.000491385450489285	1.15502424998853e-12	0.0014062141437535	0.00260747632462442
20	A[C>G]T	0.0124196984020912	0.0124058126933688	4.56302421984928e-20	0.0186854519723357	0.0012769100928627	3.72652590766459e-08	5.97154678596801e-06	0.0075698044412447	0.0114174108369156	0.00408896082881869	0.0246273847131315	1.08763712873837e-15	0.00924391280988282
21	C[C>G]A	0.00196131973748839	0.00110877956086585	0.00220412668986324	0.00767839352777421	2.04458588834601e-20	0.0117955011830559	0.0066515799038766	0.00500694008213391	0.00539248015268661	0.00382398356310992	0.00761720060941247	0.00119766617562014	0.0124165209109016
22	C[C>G]C	0.00416940982163072	0.00497995404666499	0.000923119554399035	0.00443235388065814	0.000663222937660938	0.0144069425890026	0.00424549471627326	0.00527963124812455	0.00882233104788268	0.00683724598041219	0.00107451188089624	0.00303411588629034	0.0158912218743923
23	C[C>G]G	8.31870700513216e-17	0.000953819081991899	0.000570189207800033	1.44342245183483e-14	0.00111544387418739	0.00238670598381115	0.00216938658414394	0.00142742011304828	4.92047357873801e-09	0.000981569301260411	1.52817095241568e-13	0.0042886978183023	0.00445590254997103
24	C[C>G]T	0.00765511711745148	0.00585047426336705	0.00198432907695678	0.0142032389251555	0.00516456099863939	0.0079763711842787	0.000750549109300749	0.0087678424658402	0.00752018782864742	0.00721246664468599	0.0166813126526284	0.00159636378178764	0.0212458624190552
25	G[C>G]A	0.00588811973756604	0.00232890714760041	0.00199555447275871	0.00635087973565267	0.00131674967243734	0.0082866805964559	0.00150182314237611	0.00207368738181696	0.000834951737466722	0.0025503083556721	0.00515433404829548	0.0032054167583607	0.00498058615433376
26	G[C>G]C	0.00562783181772413	0.000772787283346161	0.00287532598389205	0.000558994356338803	0.00261241110845241	0.000914745291442192	0.00283213204781502	0.00377538170064247	0.00734122959098208	0.0044439906513241	0.0117597897097213	0.00335712210800821	0.00924865980626388
27	G[C>G]G	1.59721151499247e-20	7.48661446833002e-20	3.08282888347515e-09	1.40021212705523e-20	5.55212774035158e-05	0.00784910352573706	0.0025615933912322	2.11471650475777e-05	1.78787976244252e-20	1.18226594803713e-20	1.36202147326664e-05	1.68615948512686e-14	0.00296586008872216
28	G[C>G]T	0.000131493020545186	0.00872167519839142	0.00396309007582582	1.34532729331306e-10	0.00261034143629825	0.000796384304475282	0.00596192601297534	0.00338659248280697	0.00299812423608518	0.0103670522356406	0.0122776872438793	7.8835394691769e-16	0.00728855000273953
29	T[C>G]A	0.00337815215083697	0.00918715340220594	0.00346173661223958	7.54622591653646e-05	0.00834302661859921	0.0128459961758849	0.00254182378975986	0.00308449840534846	0.0103845516093136	0.00801652198132438	0.0245923163786945	0.000924579711414484	0.0124358772535416
30	T[C>G]C	0.00859940093222769	4.07047104785026e-05	3.48572030740538e-17	0.00734590995769078	0.00321058795906594	0.0109502561928553	6.77134343885235e-13	0.006073942979386	0.00551432626437788	0.00833450879606459	0.0169958330053801	0.00204088531741701	0.0268703610325144
31	T[C>G]G	8.24258273417705e-05	0.00018237367570343	0.00126631562969603	0.00331195645832117	9.27202828541891e-08	0.00385173429939564	0.000802709927204554	0.000895693903784413	2.4195549788022e-07	0.000715180878517605	0.00103255467898287	6.06946766926411e-05	0.00393530907140161
32	T[C>G]T	0.00710202148371789	0.0244851398749461	0.00408614736022084	0.0369206280518013	0.00429162428218024	0.0191830353929215	2.69242051928948e-06	0.0114181081637322	0.000265735800981055	0.0111542905262631	0.0342404613924716	0.0019067428738527	0.0234270714705975
33	A[C>T]A	0.0243138621566727	0.0160553230925877	0.0060707047142872	0.0185027574456561	6.6393573137665e-05	0.0506658390757142	0.0127446843566139	1.50950184843178e-08	0.0114911989904015	0.0343784728744042	0.020251602414392	0.0615589094548504	0.00645463857788352
34	A[C>T]C	0.00135471738835486	0.0123852382720662	0.00620724500578288	0.0132958197907529	0.00208460981935103	0.0139932503671167	0.00738803525905299	0.00101120591584212	0.00339294506821155	0.0251955488248511	0.00615007325930237	0.0353502026047167	0.0031044070881249
35	A[C>T]G	0.0643058656911165	2.11983236926997e-15	0.00190932658404378	5.73958802262329e-08	0.00246468597040048	0.05636156015175	3.15154602176568e-06	2.24032117882968e-05	2.18741288819896e-15	0.0761878713508614	5.45413910640244e-14	0.0442205783857484	4.25922196356837e-09
36	A[C>T]T	0.0341367214494548	0.00686287487064171	0.00301241889437217	0.0151913505719798	4.12307276446823e-07	0.0445854934543463	0.0147896437345412	9.82424059844295e-06	0.00420258028325792	0.0152069222424152	0.0096253582775863	0.0381782401771103	0.00097795768185487
37	C[C>T]A	0.00807740246764307	0.0206862225870358	0.0105474340643135	0.00899103871542713	0.00296949107927807	0.000248283799146125	0.0338192458119209	0.0218603914481709	1.18426191727148e-12	0.029243467443314	0.032704345389998	0.0490352231001841	9.01974879672348e-09
38	C[C>T]C	0.00421412534547318	0.00738267384426973	0.00332509569263684	0.0145744950212314	0.00083844506805815	0.0069070572874277	0.0191994536513066	0.0134281377989925	1.9357239432242e-08	0.0361394690987444	0.00924472568849697	0.0422129616159083	0.0088960072172259
39	C[C>T]G	0.0173319345284471	1.58626453028441e-07	0.00985201964684545	0.00181534692116412	0.00190410934639581	0.020307071917483	5.74029321675877e-14	0.00151705953565576	0.00725046740975064	0.0394348245705228	0.00954452953046525	0.030933511712648	3.35845945778288e-10
40	C[C>T]T	0.0422622571409816	3.00600112411112e-05	0.000434539469677594	0.0302884136965503	0.00112331842356152	0.0356575917538753	0.041854099237894	0.0257311194512652	0.00369245228420535	0.042161061657894	0.00789908130433244	0.048997646190293	3.15621817513928e-07
41	G[C>T]A	0.00746099608632111	0.0124295713702782	0.00679099143779381	0.0225887926303669	3.61185536036616e-09	0.000905353222994865	0.0192121968935282	0.0107427062200272	4.61857351663548e-06	0.0218985521219439	0.0209777187469875	0.0394267435306188	0.00991693081961574
42	G[C>T]C	0.000141765488455261	0.0181041336595079	0.00822155509609968	0.00817917825811915	0.00663301760855346	9.09493886827051e-05	0.0007267316173588	0.00716677625667139	0.0404726965931295	0.0258702240924219	0.0182377052344437	0.0392287033335552	5.35963013721968e-19
43	G[C>T]G	0.0193220976717169	2.61659801069809e-05	0.00951590925874291	1.95231011082881e-05	0.00080624326999278	9.36380891012951e-09	0.000116530833857288	0.00169096392885784	0.0102361610822351	0.0480433707966418	0.017161865429974	0.0303891647887053	0.00396890645487957
44	G[C>T]T	0.0275595738475337	0.000223924394616627	0.0106905755897022	0.00139415391298859	0.00606653300520542	0.028446651856026	0.0283304138568965	3.21513457684693e-06	0.0124096042438174	0.0322166547391589	0.0171557981320397	0.0396499092289279	0.00253061118816242
45	T[C>T]A	7.30254897167348e-08	0.0020296153909585	0.00990034455063586	0.0216590358178573	0.00640659286342208	0.00303964687671475	0.0306241814963919	0.0223294009466649	0.00905149318419868	0.00996826123353999	0.0999163357368094	0.0320191665189193	0.0117763818761806
46	T[C>T]C	0.000703084181790702	0.00117870251173668	0.00744528547756114	0.0151697557023006	0.00487532339219788	0.00516832265883546	0.0110715159991941	0.01963815003973	0.012927488013059	0.0245916649788835	0.051131721480019	0.0330884777779434	0.00938628572022464
47	T[C>T]G	0.0201538219526438	1.51956527707034e-20	0.00461480426432706	0.000506725449891487	5.20072400582465e-05	0.00623983644044865	0.00130530112911591	2.44795600763762e-05	1.07108544750852e-09	0.0304457666100178	0.00911990881939783	0.017673692934923	0.00738289257857558
48	T[C>T]T	0.00147404834031612	0.00336318768846516	0.00707753083206462	0.0224133013293076	0.00685876095091364	0.0231640550793095	0.0389625674876864	0.0151961878588284	0.00409465171217636	0.0121920142328577	0.0707545705427368	0.0378441508173054	0.00321849671822863
49	A[T>A]A	0.00775534230116308	0.0233538675092104	0.0130334309295303	0.0260226490775289	0.0493027739832055	3.93428955733765e-15	0.000845743419436708	0.00542697781085171	0.0102322730141214	0.00474646121456244	0.021529027336624	1.79399331486007e-13	0.00694797723202271
50	A[T>A]C	0.0221305023758679	0.0112105956001967	0.0067242692437568	0.00363597527702509	0.00448815083307666	0.0072268864794205	0.00283327453333707	0.00212520151652732	0.000489248115707095	0.0145337883594303	0.000126829032675092	0.000934847480590815	0.015770513817216
51	A[T>A]G	0.0212944368448961	0.00331835616622676	0.00563151244973334	0.0104867463047865	0.0527088315299306	0.00881804348721505	0.00232447946364396	0.0192827860958989	0.00421132701093716	0.0127249188037106	0.0126986385650349	0.000153487504641311	0.00896592723830961
52	A[T>A]T	0.00364227121499557	0.0283750903295697	0.0161461581489518	0.0102409906983666	0.0131566759282295	0.0121295914601297	0.0017566744346607	7.11247614305642e-05	0.0104863465690725	0.016020201535739	0.0014419814043476	0.00553027168925085	0.0151119706885606
53	C[T>A]A	1.6452756502842e-05	0.00908102819138229	0.00228163827573292	0.0100188063373135	0.097893579073305	4.01579785835168e-16	0.00854664631803958	2.31653870662e-08	7.04054864272969e-06	0.000867007642724046	0.0072982401506706	0.0142075647819674	7.15541674259574e-05
54	C[T>A]C	0.000406319784061356	0.019883593301893	0.00234564876687802	0.0181345233945955	0.0310363515510773	0.00871836412814457	0.0115120817324139	5.24953497975555e-06	0.000385284998920995	9.59589689588601e-05	0.00137622283916864	0.0110456810529186	0.0053465187341272
55	C[T>A]G	1.90263215790052e-09	3.94709283609145e-09	0.00301484102896528	0.00798153207217933	0.131278306452225	0.00012686259132437	0.0160369435474837	0.0132471008192376	0.0124165394958843	0.00477564503599158	8.21965697486242e-05	0.0206522502511157	0.0104134032998888
56	C[T>A]T	1.59721151499247e-20	0.0272177783395641	0.010386146010679	0.0114769880504305	0.0406647252518282	0.0113932370394019	0.0228903429141299	4.05865514602835e-13	7.03876272766842e-06	0.0115170805311242	2.65350246092498e-11	1.98907850168838e-12	0.00680374554663912
57	G[T>A]A	0.00253966774869868	0.00720861632025587	0.00214518469004093	0.00934720880311844	0.030411532214119	0.00569513669669013	1.09212089068142e-18	0.00441686165381341	0.00560519207404819	0.00358301691386864	5.04564797155585e-05	2.6044097616189e-06	0.00359284280738781
58	G[T>A]C	0.00555822778902945	0.00696557003294416	0.00255531113360022	0.0100029478668896	5.78656895310109e-05	0.00177795070511884	0.00188159508002631	0.00029564660177391	0.000858646260226968	0.00384371974111164	6.24441953852775e-08	6.30438366917305e-17	0.0099279935200001
59	G[T>A]G	1.58510497165296e-05	1.51956527707034e-20	0.00216338969253143	0.0286546370049622	0.0100483981644872	0.00896581036991744	1.74798593915338e-18	0.00633491689255017	0.00232839434411217	0.00539209887466515	6.80606404299422e-09	1.47359903836537e-20	0.0121057709927102
60	G[T>A]T	4.99487625286872e-09	0.00836501234598086	0.00231703326581937	0.0225434703378668	0.00639301884419197	0.00979875340212818	3.54626847201229e-14	1.45398128789687e-07	0.00209564287472039	0.00881253319657954	0.00354080820425789	0.000382434692086855	0.00544845867851603
61	T[T>A]A	0.010489933762057	0.0239405882047248	0.012009630595938	2.42143749683421e-14	0.0774257754678616	6.354491136071e-09	0.0109553538904818	0.00667378388286339	0.00836950964313463	1.18226594803713e-20	0.00740532641207472	0.00794059704020368	7.14366984806678e-07
62	T[T>A]C	0.00915454753073601	0.0148596594832086	0.000507580516853635	0.00509272612386594	0.0109591091794619	0.00340019296716774	0.006443624350148	1.00546439048014e-05	0.00954108670356136	0.00398495972372426	0.00311008307371808	1.65682595608435e-16	0.0117310213846127
63	T[T>A]G	0.00386652727965786	0.00415977802673155	0.00603007844636654	0.00919263447926826	0.0623037073655837	0.011528063621875	0.00763262475355613	0.0113108733393397	0.000174648114850425	0.00519720500980561	3.19135447748592e-10	1.47359903836537e-20	0.00651514056960528
64	T[T>A]T	0.00707022353015405	0.0222536489108863	0.0138337560196363	0.0125980723758364	0.0366037733156712	0.00236666005502342	0.00709750304572544	0.00676688845165007	0.0101362499866989	0.0123012037584702	0.00548940761269542	2.79372361217821e-16	0.021393091473056
65	A[T>C]A	0.075018348085199	0.0704314973801056	0.00495950784264246	0.00255954603517398	0.0457597639754724	0.0141717648937745	0.0208660035895336	0.101540867156883	0.0271393417552351	0.0246840379382826	0.0053786192876451	0.0179388535105744	0.0297090882165643
66	A[T>C]C	0.0189364722294847	0.0116121335181195	0.0111528891555277	0.0121124712449704	0.00583893811586219	0.00429083188056918	0.00524708596563707	0.0243349751519664	0.00153042647814294	0.00502164892063232	0.00288028081880645	0.00784528894516096	1.94551589871462e-10
67	A[T>C]G	0.0214033640588446	0.0161288513446954	0.00478338532655638	0.0416859814097482	0.0199858913290461	0.0359717029918802	0.00141133227357785	0.0998705528482176	0.00440198700132379	0.0332032683913195	2.64061946224268e-08	0.00119172472862895	0.05135752194544
68	A[T>C]T	0.0413843292577613	0.0508288983990426	0.0145029599696723	0.0236019405038434	0.0103147685406591	0.0339611222849878	0.0189363459340554	0.0592567921658198	0.007231140398302	0.0416729284420937	0.00213419783323213	0.0105584399864032	0.0159509114459817
69	C[T>C]A	0.00709642524285654	0.0199480524700226	0.00738162910680321	0.00499428430533808	0.012322988285746	0.00823155642331864	0.0134918601223689	0.0296870535707982	0.000289436174500717	0.00344591279176574	0.00230248266059013	0.00728333236372527	0.0127363203050211
70	C[T>C]C	0.00443233900192986	0.00953428702543797	0.0141637396785425	0.00164588778938333	0.00309789144765486	0.0104493004897898	0.00561518869453926	0.00857407251852688	1.23560148028535e-06	0.00726571752513352	0.0142418142645151	0.0100161117926488	0.00196799064184076
71	C[T>C]G	1.89865373786806e-11	0.01505913099249	0.0140540444430493	0.0165380727741062	0.00562778614668437	0.00918526082689135	0.0110388941649321	0.0271477033533147	0.00766220353019168	0.00632403064413146	0.00561566119351062	0.00819208479967297	0.0133953244690806
72	C[T>C]T	0.0167312151998674	0.0220141971711568	0.0303441856066047	9.89741626654867e-10	0.00483044708332118	0.00188835410220137	0.00631807907770259	0.0190893735687415	0.0111106608537619	0.0102866702058599	0.00095843097927051	0.00974479641472832	0.00123290560921187
73	G[T>C]A	0.00791436202657164	0.0128278608381159	0.0107174229182355	0.0277611415741693	2.00691090290309e-11	0.00687894201778524	0.000293208184202998	0.0324303744141383	0.00916355891322426	0.0062275680349608	0.00690575593552784	0.0126712798653074	0.0277766145093173
74	G[T>C]C	0.00500443592149421	0.00858876602512525	0.0205971758189763	0.0060732288634721	0.00027188441514497	0.0190838858603657	0.0048106273780315	0.00548100758870078	0.00439861670434191	0.00390893211228727	2.54345513173996e-06	0.0130079212381612	1.97898109817476e-09
75	G[T>C]G	0.0153452056072874	0.00363402366331857	0.00569243279689306	0.0188503165402645	0.000144763326774509	0.00437491504083793	0.00987907409469338	0.0341345057089997	3.43902048665993e-07	0.00697844664913283	0.0170060651165055	0.000118317862613991	0.00828386053438859
76	G[T>C]T	0.0113108179637484	0.0199899356833883	0.0173277322024361	0.0149478429746638	0.00661401880203778	0.0196179879941931	0.00613028086874419	0.03493710453038	0.00226653466435961	0.0191182187807063	2.37132800201005e-07	0.0136925457723064	0.0111288220185565
77	T[T>C]A	0.0283173272217071	0.0349344842677687	0.00979905681671463	0.00276913271367721	0.0114007940898475	0.0113379582271865	0.0187234788958501	0.0433125665790792	0.0115811126075413	2.09799721181196e-09	0.00106039635287894	0.0103957418813593	0.0248247675054429
78	T[T>C]C	0.0194211100617736	0.0141223280367282	0.0201964080205191	0.00269379332655937	0.00134395286486584	1.02299295801443e-11	0.00830566317597283	0.0154236161630294	0.00754915035596147	0.00277794200569294	0.0092312387671245	0.00362528149826624	0.00119596570927788
79	T[T>C]G	0.00847274226564324	0.0110766745291638	0.00490915420495276	4.0585962597419e-11	0.00961317159373721	0.016574902954673	0.00749301255877239	0.0308926502904105	0.0120266250948286	0.00946582764798657	0.00168385798515752	0.00585099026212279	0.0173264187082595
80	T[T>C]T	0.0329473302652173	0.0247696320950269	0.0126903747041012	0.00252587769905534	0.00874807619051464	0.0104325683394485	0.0130552897438426	0.0316407127817677	0.00498516441811627	0.0139136817253341	0.00394487170074432	0.00637915072041784	0.0125189620691561
81	A[T>G]A	0.00686956681273883	0.00750444176030642	0.0265751647633058	0.00360369421080291	0.00260186204986187	0.00045312188652608	6.10887282896474e-15	0.000150502293153534	0.00455293451370423	0.00139476336994781	0.0120319015593225	4.86650361467741e-05	0.00544259103809404
82	A[T>G]C	0.000788146454851886	0.00235424127909608	0.00824824759967321	4.30608158348083e-13	0.000710167848443127	0.00717512523901975	0.00277011880285761	0.00170479923876255	0.000983261027933369	1.45458901613746e-05	0.00666593620014326	0.00146923780800428	0.00403569139004136
83	A[T>G]G	0.010312820168077	0.00578269666091801	0.00154967927127163	0.00210478959008393	0.00197828881777724	0.0109460097205908	0.00659322779976486	1.24188590490036e-20	2.36738116133246e-08	0.00279383104721332	0.00866942693142783	0.00255970909029672	0.00263407202570817
84	A[T>G]T	6.6404799059605e-17	0.00854406571372795	0.0328523386169883	8.88042697352854e-20	0.00235233579366726	0.000861183575775675	0.00768275918804429	0.00371225843597243	5.17135664754538e-10	0.00732199371943356	0.0101420853201158	1.03978630272639e-05	0.0128865231903418
85	C[T>G]A	0.00359779830038819	0.00132444085650769	0.0203189305400576	0.00361953445608703	0.00271027316770553	1.02918696048865e-11	4.29524493242709e-06	0.00237782729545953	8.46938469084945e-07	0.00128564323241898	1.1384339269329e-14	0.00364926097791962	0.00709437505039448
86	C[T>G]C	9.76851177153685e-19	0.000431430747570239	0.0149964592557404	0.000197739607814314	0.00140621725167213	1.69746017890438e-20	1.40988717591941e-20	1.14703933156998e-05	0.000149525188512978	1.18226594803713e-20	1.78894635341722e-20	0.0202752570797961	0.0253318550823255
87	C[T>G]G	1.86565388248321e-20	0.00477015261054809	0.0172722289223919	0.00902037828927641	4.38255212559197e-12	0.00459740091367487	0.00477472509712629	0.00432289756714487	8.60282287442831e-11	0.00341862440114157	0.00195185351377864	0.00263066534213205	0.00614402755661115
88	C[T>G]T	5.26159198622204e-05	0.000662302009816686	0.121477960586789	6.41309029730963e-05	3.27091902277634e-09	6.42051571818807e-06	0.0107380884973798	0.00625190611805634	0.00432190582800447	0.00711007187832703	6.59050737203876e-08	0.0115540094397956	0.00722933095901629
89	G[T>G]A	0.00118074148574149	0.00143996086870269	0.00795181150927456	1.40021212705523e-20	0.00218301555574067	0.00137787753912687	3.27393688095887e-05	0.00231962809511615	0.000713849100424964	0.0011665836340552	0.00490455904672223	0.000939398702684355	0.00215385816929394
90	G[T>G]C	1.59721151499247e-20	1.51956527707034e-20	0.00748823177655384	0.00200246174698986	0.00093269561404836	0.00301634510551786	0.000893707038268644	0.000908372215487808	3.62648905081488e-08	3.23844159682214e-05	0.00286761968988685	0.00157226789463261	0.0010258060910496
91	G[T>G]G	0.00118976222267768	1.51956527707034e-20	0.00723457729686378	0.00628212987882317	9.5343442296183e-09	0.0151015978816011	3.3833292750689e-08	2.69615964745519e-10	0.00464373840615067	0.000589978649029642	0.0104080313939924	6.14967490372979e-14	2.17262240171989e-08
92	G[T>G]T	0.000846440279767384	1.88380043813365e-16	0.055161411553899	0.00113524553324085	0.00237492634875756	0.00269247491677557	0.00451428482545943	1.24188590490036e-20	1.44114485188761e-09	0.00336041167777341	0.00680757457715269	2.34492710822088e-19	5.13785719229567e-10
93	T[T>G]A	0.00332202513343896	0.00791480474232474	0.0492329309174203	0.0104117294015699	0.00134131512899822	0.00350640773063161	0.00650392550837281	0.000556019059311223	0.00599075961751859	0.00299195434125671	0.0126229995564577	1.32781593677886e-11	3.28714623034067e-12
94	T[T>G]C	0.00425787948870781	0.00243362362547198	0.00804891511576026	0.00886234158384275	6.72045997197132e-08	0.0115329554075712	0.00257822678368121	0.0032164595833657	0.000294876509659756	1.38014919738713e-14	0.00785299476197862	0.00396468954535739	0.00743756045227892
95	T[T>G]G	0.00686249235046409	0.0104640019900213	0.00846807935236987	1.86988724639088e-06	0.00637953697119466	0.0073565650174367	0.000768607691093146	2.17313031939801e-13	0.0118829852055365	0.00416035170288801	0.0125648000729881	2.84718515923111e-07	0.00492153520573964
96	T[T>G]T	0.00574078613424213	0.011243110508789	0.0772053414012952	0.0231904324927264	0.00232324727945473	0.0167837240766323	0.000661534837157557	0.0137676341975784	0.00371478901712404	1.04034338540647e-09	0.0135801024623715	0.00696191312798463	0.0128679190658766
