	sample_name_R	indel_COL_A	indel_COL_B	indel_COL_C	indel_COL_D	indel_COL_E
1	5FU.PATIENT1.N.CLONE1	37.3708458873142	131.803316334537	16.5966182075635	14.4038542045913	190.841962013652
2	5FU.PATIENT1.N.CLONE2	35.1397229445948	119.915203197727	11.7377960997689	13.0483158956203	127.175571031739
3	5FU.PATIENT12.COLN.CLONE4	65.2435815138548	101.479768168923	21.4517487289194	23.3040024873333	130.537468956516
4	5FU.PATIENT13.COLN.CLONE1	92.2262879582289	128.64808520781	39.7309485389648	22.2749564131799	163.136298866201
5	5FU.PATIENT13.COLN.CLONE2	36.4320209112451	142.302436045383	39.4897093717112	22.3475996740889	149.444835993318
6	5FU.PATIENT2.N.CLONE1	254.583091806584	1.75295900369491e-12	61.4714459634064	40.354777557786	96.6071262962631
7	5FU.PATIENT2.N.CLONE2	284.924851242438	7.09926440043208	44.4099747127773	38.839958612709	91.7423924287529
8	5FU.PATIENT2.N.CLONE3	247.46208759533	19.995735314302	49.271109770497	37.3234650977036	86.9640655239139
9	5FU.PATIENT2.N.CLONE6	233.709873457656	1.75295900369491e-12	52.0831416658135	30.091593517786	86.1318603421528
10	5FU.PATIENT3.N.CLONE2	110.891630324628	41.7745487696563	27.6150662556953	24.3918634826848	189.343394571884
11	5FU.PATIENT3.N.CLONE4	146.766475566423	80.9476975355622	15.7075533469224	27.9285477500853	163.666244532526
12	5FU.PATIENT4.N.CLONE1	48.8720991664402	77.1047272845438	115.013625642318	35.2281190589539	122.797977545278
13	5FU.PATIENT4.N.CLONE2	18.6926475318519	114.793666531891	128.144444050281	53.6749608605494	121.710825131267
14	5FU.PATIENT5.N.CLONE2	14.5739769585789	81.1181407282957	20.9709747720853	15.3186858107939	96.0348157541168
15	5FU.PATIENT5.N.CLONE3	29.4300924310174	61.3187958833019	24.7332081752193	23.863806819267	112.670652968138
16	EGAF00000827138	27.0218709166285	74.5820831891385	9.17319571865824	14.302481756509	119.936949228493
17	EGAF00000827139	15.8870931834508	104.61657176947	26.4111991218302	14.6448235642816	81.456927433945
18	EGAF00000827140	23.1837488107817	73.2620321609903	23.1557471444491	4.53968857390154	137.875381204414
19	EGAF00000827141	26.8525000949291	77.134809105437	8.70810712649532	14.1251809336859	101.195990711498
20	EGAF00000827249	12.0119786208849	104.883702780404	12.4474229306664	10.1492364261187	85.5242814974731
21	EGAF00000860183	26.380824822976	88.1038446848848	33.020412264597	14.9024017918719	99.6091138719819
22	EGAF00000860184	27.5862469154812	111.19590401666	20.9751344969666	13.8243176570879	151.43499517067
23	EGAF00000860185	45.8618987454823	53.930911911147	24.7129883970677	16.5175053745387	147.993248694551
24	EGAF00000860186	33.6297373601509	73.2449944613023	14.9468308043642	12.1963970540508	150.998615332902
25	EGAF00000860187	30.4986257027954	121.43580402452	19.922225489499	11.378302984517	148.781651613939
26	EGAF00001014392	37.570818038119	78.9419857684702	3.8872787372371	12.0560665965148	134.560431926052
27	EGAF00001014393	21.2233354711217	61.8156725217039	13.1336978461261	4.37683710456466	120.46705173509
28	EGAF00001014394	13.1471023140231	85.2906808136564	7.17691300002863	15.7407325785045	213.661133012691
29	EGAF00001014395	27.2368622741304	103.809465326834	5.15095183617886	10.9344625172891	143.884857399096
30	ste01166a	23.5927507113202	31.6090877636609	26.633739167547	14.356323990382	79.8246656605062
31	ste01167f	9.2062530285342	31.1159780935751	20.1523706974702	7.74171838189066	75.8002638032717
32	ste01205a	16.8327319237722	1.75295900369491e-12	14.8384636891971	9.22247337763598	49.1228967909388
33	ste01205f	24.5888931754235	5.11429105677705	14.720920524867	5.50941268271561	49.0830575108444
34	STE1207A	4.1142654112987	25.468912554478	32.6897300183349	3.01472281537972	61.7289660795783
35	300:3	0.00023181487381893	6.29470882132067	11.4271544649706	3.67921399532619	3.61528802573796
36	300:4	0.00253357326075991	6.29040358226598	14.7136004506256	8.70237272952086e-13	0.0100685298243263
37	300:7	24.759570294053	17.7031726360592	0.013035718906702	6.00585928251843	6.53495376307897
38	312:2	0.00105287723977635	0.00147091613357737	7.99823673541325	8.70237272952086e-13	0.0158405981702404
39	312:3	1.0765898653413e-12	0.00119681684010779	6.32434302392855	8.70237272952086e-13	1.69106058672278
40	312:4	1.0765898653413e-12	0.000904923370531162	1.602302086659	6.40696359157397e-05	1.41332875674758
41	312:5	0.0357971443938799	1.95950952046577	0.000321576497241334	0.00022773833353199	0.0207452706153558
42	312:6	3.029225880914	1.75295900369491e-12	0.986887294418499	0.000486279101325907	1.26020846094182e-12
43	312:7	1.22524657470173	1.75295900369491e-12	0.000397707696872267	0.000234133309536118	0.790721088680128
44	312:9	4.71111997394086	1.75295900369491e-12	2.30537341034845	0.000105877493953279	1.26020846094182e-12
45	O132:1	6.05164081886258	21.2401787658339	135.836438057767	20.8883309998655	1.26020846094182e-12
46	O132:2	10.0286101339276	19.2628407136591	46.0911322776349	9.576343189687	0.0576706832635913
47	O132:3	10.5513594072224	49.3210288871471	0.000148622509976898	3.14408607185161	1.26020846094182e-12
48	O132:4	24.9119986123782	91.5962331239623	14.7468301640506	4.33504597642001	52.4265243025209
49	O132:5	27.530779464087	11.043334903969	6.29777956140165	1.3938220789082	28.7508749842439
50	O132:6	28.2922790759654	37.4597612699906	2.5018045699793	2.8605508404694	9.90221377119349
51	O162:1	12.4772774370065	38.934461631994	9.3184595834982	6.91968363804949	8.36672481150043
52	O162:2	7.31898164161061	18.508435185456	0.000668077005703571	0.000461574578889829	4.18806265460452
53	O162:3	26.2126609592396	30.3172551720635	9.54627136914788	5.44504932981989	26.4953596603481
54	O162:4	25.8451760788678	43.8725107219297	14.6481531974974	5.65481586544471	23.9959504386124
55	O162:5	32.1713851511835	13.1631369614599	7.65361225580781	4.17950808765103	11.8489479974708
56	O162:6	0.000655270830625818	13.3811416982675	0.00410779606095688	2.62489189532481	0.00580658276665496
57	O162:9	0.00108000041379226	1.98780546303705	0.00022500091088391	0.000245373548348853	0.0272454366500634
58	O174:1	1.46816315196192	26.916197277044	3.94413863722553	47.5570489688969	1.13097157709807
59	O174:14	2.01169163977664	1.75295900369491e-12	0.000337992922145213	0.000293069941244357	0.00427684133532201
60	O174:16	0.0011215234686891	1.75295900369491e-12	1.06667439143474	11.9475545422293	0.0012251555219156
61	O174:2	9.09327037967352	11.2560780058112	6.65467468853248	76.0124269650725	1.26020846094182e-12
62	O174:3	1.0765898653413e-12	2.54750769709921	4.70874983824656	5.94641121292684	0.813921123879965
63	O174:4	1.0765898653413e-12	8.8347319845765	5.73774506751452	16.4383129278309	0.00578277041768177
64	O174:5	11.8829394030016	12.2722599270138	5.99101218660648	7.8703784026001	1.26020846094182e-12
65	O174:6	3.72033532891328	4.34531630027791	2.2053717042803	47.7182287001539	0.0272522323469602
66	O174:7	14.417246958704	15.4658729629563	2.53754435446184	56.336599290396	0.259227743040154
67	O174:8	1.87891831262605	21.2270972732417	6.25963881278899	22.6509132407477	1.26020846094182e-12
68	O174:9	12.3206235865119	9.77501219035857	7.4871899322642	11.3905268506209	17.0432239214988
69	O176:1	4.40152414912839	18.4779699953717	2.92445256889157	2.52120119688191	7.6914561303583
70	O176:2	10.5070926508822	34.0277353604991	4.29584901607943	5.69781348363754	11.4881148063022
71	O176:3	3.42800072878847	36.6972313591498	1.25332360538605e-12	3.89138282801557	1.26020846094182e-12
72	O176:4	2.90314974682539	49.1965518749158	5.04415297236239	6.67292613135239	7.19983538618336
73	O176:5	1.0765898653413e-12	14.7330968321483	25.9514250605511	7.32838110153166	0.00369513021585087
74	O176:6	0.947646212928952	20.4857262414205	32.9847675160556	5.34765675746526	11.250806849274
75	O176:7	2.13781557549696	33.3669717700635	4.02284612835638	2.48898303312454	1.26020846094182e-12
76	O187:1	3.10765951923225	32.1296104270013	9.391672223076	4.81024916710487	33.577410866378
77	O187:12	8.15773657899839	27.8381487345366	5.33456322928203	8.70237272952086e-13	10.6861653811874
78	O187:2	9.63310304116232	52.6213732551666	4.11308578477351	12.2210878736538	15.4279530473543
79	O187:3	0.00271549042088906	5.03246787646585e-12	0.000291267097720211	0.000231556557258189	1.01336140485361
80	O187:4	17.7765968548406	34.9837999160221	10.8493072946949	4.3413197837544	31.0655787460023
81	O187:5	8.43088307741366	37.5360753116012	5.55695686010829	7.40230792952642	15.0903805539007
82	O187:6	10.4295092131302	34.4642975651166	6.88580109336346	1.44040075167767	21.7966032547239
83	O187:7	15.2015044987994	46.3686732421315	4.35095001139271	7.10846324604709	24.9870146035284
84	O189:1	5.32909407056659	104.376789835851	110.407069756365	34.7188720448651	45.1847722638505
85	O189:2	0.000640854448317124	31.0488446569303	51.7670699906721	12.0584597516464	6.14158563848331
86	O189:3	5.23379308714955	80.2072521000939	22.2885697208424	7.9141923096532	27.3728226940037
87	O189:4	14.9910843016136	45.988179727318	14.6172527233145	1.48297397762838	50.9371205080121
88	O189:5	2.36894352276002	76.6809375280691	14.6134640293925	5.49927530015254	27.8540116444346
89	O189:6	8.43628544518818	66.9092851473185	9.51131917570224	4.82503179414366	30.3347027643219
90	O189:7	15.0728088859213	34.2356050627691	4.27407222125268	1.41556766486733	30.0185542569219
91	O193:1	1.0765898653413e-12	27.0592846413909	8.29903812391913	4.65667749090301	0.00160881510082388
92	O193:11	0.00423809270564067	1.75295900369491e-12	1.00726629848204	0.00119762151147079	0.00389812519306566
93	O193:17	0.000890255884134444	0.00648478978468591	0.000295356158258449	0.000226994063660754	1.0087023289382
94	O193:2	17.5935058980527	42.9838578540657	4.63230413805999	7.59176795149613	6.21517127002487
95	O193:3	8.7081087362246	42.7662947003629	3.76060062231355	3.8936857363859	13.8879245341579
96	O193:4	20.2950796171794	20.3374607029532	1.25332360538605e-12	3.25458829925462	0.129473202057988
97	O193:5	14.3777104736586	16.8875660547853	4.05664639362432	1.69468182222782	1.26020846094182e-12
98	O193:6	9.06931674364066	20.2022929279038	3.27623297931443	3.70644136068886	6.76231796001431
99	O193:7	10.8561658715999	6.92158268061388	3.84460436581981	3.10837793209986	7.28586331133932
100	O193:8	6.05877195973706	44.532545097398	4.13552547310637	4.18155301408873	8.10822158209249
101	O193:9	10.1978742118982	2.49184295942175	7.76475165259426	3.15935241916774	10.4027697965496
102	O208:1	8.3083541158815	45.5732245164254	2.93748292714002	8.09167287951436	2.10587630979961
103	O208:10	0.00164536318079102	1.00949776729205	0.00031185876009522	0.000329683638715654	0.00481597625943972
104	O208:11	1.26777331080914	3.07673222286815	0.671308796841748	0.000252450800968637	0.000535012145135455
105	O208:2	6.46513720568087	54.0916956009371	9.49959390954861	2.96020199450827	1.26020846094182e-12
106	O208:3	9.39415507275778	69.275731946606	13.5142063571955	18.1598430751939	1.67267028502529
107	O208:4	6.52195293221118	31.2784011276979	6.0559457841325	15.9372876923871	6.22299758082594
108	O208:5	21.1249251448374	43.9643330499038	8.12543022428054	18.1165390674351	15.6853557219623
109	O208:6	7.67264957448167	38.796428575138	1.25332360538605e-12	16.2287899975147	5.31872035706179
110	O208:8	0.00136135278784746	0.00537224453843645	0.000507064154752969	0.000221992428050241	1.00913707001557
111	O225:1	11.2713585902037	2.34821836652124	3.58638287425755	2.52204518606865	6.28858754256301
112	O225:15	0.00437148756807406	1.00713944634759	0.000227738242820554	0.000294482283662391	0.0045674926804825
113	O225:16	1.42343427287386	1.75295900369491e-12	5.81026281871687	8.70237272952086e-13	0.782903191959431
114	O225:2	6.56359726647466	12.6770940196429	4.83905637840088	7.05684222191312	0.880002760091037
115	O225:3	9.36051203978877	2.02252785865078	0.00150613852541259	2.46558890491098	3.16645831099179
116	O225:4	15.4973644830938	24.4225591117458	12.1470408624959	4.94963935544046	1.26020846094182e-12
117	O225:5	12.5030885559619	21.5295254704429	8.84057180428484	3.46372205968855	9.67969464118056
118	O225:6	1.0765898653413e-12	7.53248987118453	45.6089174510902	9.21566606525924	1.65951853525955
119	O225:7	9.50487931954414	1.75295900369491e-12	13.4346797328721	1.54470670845854	7.53232873795602
120	O225:8	9.53170204993733	9.34286227307198	41.0551362486752	7.03513425984495	1.05176010961026
121	O225:9	16.7991921342032	31.5392863073287	3.38614584857521	2.29025053303252	0.00173751120457704
122	O232:1	12.0212628080735	32.9361678931288	2.24005585559335	2.4189743556808	20.4001473393134
123	O232:12	0.00136135278784746	0.00537224453843645	0.000507064154752969	0.000221992428050241	1.00913707001557
124	O232:13	0.00947937057057372	1.98466058664202	0.000236193904701806	0.000236264614741675	0.0219888563746401
125	O232:2	6.88871109232773	13.3296110260911	17.0757038241807	6.11496847370917	0.607602317312858
126	O232:3	3.78742914337555	18.8389850684734	31.6595912688947	11.2504527818525	1.480134000127
127	O232:4	10.7000455715947	19.1115325463595	32.7981573277822	7.07869267859397	9.3281693134131
128	O232:5	6.44679946704185	12.4051917466702	1.25332360538605e-12	7.164600621529	1.26020846094182e-12
129	O232:6	9.24126949639349	14.2143741236397	5.90328008667932e-05	1.56090122760356	1.26020846094182e-12
130	O232:7	3.57433625785092	34.9235391945644	10.4552784856629	8.00709882471263	0.0563539851270147
131	O232:8	0.00955732977273033	32.5478226067544	0.000360427882128944	2.45584297604414	0.00303261718324097
132	O244:1	16.8908964264141	38.0108321762881	5.47049198336395	5.64438931038733	1.26020846094182e-12
133	O244:11	0.956705616699816	1.75295900369491e-12	0.000244784685360622	0.000230537859978415	4.05941772254563
134	O244:12	0.000764032962075641	1.99187778027333	0.00023188225844056	0.000255785131735341	0.023471797656273
135	O244:2	4.578919309123	31.5228912528869	1.25332360538605e-12	4.91303445708535	0.00176419903456174
136	O244:3	7.78669752364751	20.5792430569972	2.25049196807436	7.59895912562969e-05	1.40010291490306
137	O244:4	3.75898217993804	15.4656087736459	0.224124574853276	1.27597987869258	4.29190994968044
138	O244:5	4.38429768951438	51.6696829017904	11.8872300459947	3.39815931044066	13.6772533284967
139	O244:6	7.93602382460822	32.3520123421524	9.78803264707773	7.19541163803484	6.74512337598728
140	O244:7	18.4814303489834	33.7322263764858	3.68175320316242	2.87363048450288	8.24756952162773
141	O251:1	17.584113469613	34.7747769323065	3.27372996128484	8.70237272952086e-13	2.38399791134635
142	O251:11	0.00310818703010754	0.00133253392783816	0.000314365717583084	0.000232363627089067	5.01161116458531
143	O251:15	2.84266443532157	1.75295900369491e-12	0.000203178885813616	0.00104558927756839	0.172686104736557
144	O251:16	0.000890255884134444	0.00648478978468591	0.000295356158258449	0.000226994063660754	1.0087023289382
145	O251:2	12.1275739594512	18.6075885221232	7.00016497346721	7.28110808806711	0.000159762127127728
146	O251:3	1.0765898653413e-12	45.1055871425203	1.95009286790278	4.95914021119414	0.00179897692449603
147	O251:4	1.0765898653413e-12	16.9447208310447	0.719459125164783	5.79951848101042	5.55289915425033
148	O251:5	24.4284407008832	44.3452147786057	8.77926278705854	10.4734038429752	18.9902754751178
149	O251:6	17.3440217710575	19.2993766781623	7.98645667757857	7.74606511325537	32.6406644987125
150	O251:7	22.317871017771	96.2554010666555	19.2343107950506	13.3224953912874	36.8865439714011
151	O251:8	25.2221857081425	42.4797965416439	14.9972686176075	23.0208049856522	55.2965054256632
152	O251:9	16.3156208123451	76.2431828477106	30.1832908403318	13.8924973541447	22.382023213514
153	O311:1	12.5540233164632	39.3338043200308	8.93442831762822	6.16329759024356	0.031057600579391
154	O311:2	12.2452304595099	54.0914498133923	11.3658255753488	9.31184888819323	0.00225988714624057
155	O311:3	2.01304278521437	27.1018548398916	8.91148193522478	13.8089606265617	5.18124831591579
156	O311:5	12.2607843555999	39.3032894408586	87.7722163488935	18.6803064920668	1.26020846094182e-12
157	O311:7	1.92660115803617	1.75295900369491e-12	36.1725922001019	14.722587794027	6.19479157748287
158	O325:1	13.2199070310756	31.0341606677086	49.7879173672523	11.0428590677704	14.9317531407582
159	O325:11	4.90909199896605	5.55321302064686	3.18902209823289	0.000107295235756506	1.36516813536736
160	O325:12	10.7429146549478	1.27263013136932	0.000731356716594469	0.000322251674040089	1.26020846094182e-12
161	O325:16	0.000890255884134444	0.00648478978468591	0.000295356158258449	0.000226994063660754	1.0087023289382
162	O325:17	1.0765898653413e-12	1.75295900369491e-12	17.6789647779371	3.11472119992733	1.2229097863714
163	O325:2	14.7681210696371	25.7939033783995	67.5369008130067	8.13877486481692	7.77890386716569
164	O325:3	15.4912950446317	18.8771756770166	11.4717594988932	4.76724152541526	0.409128655641195
165	O325:4	15.035250937106	12.5085858265409	10.703232229355	2.76953150894672	1.26020846094182e-12
166	O325:5	11.7912576946684	10.223528498438	14.1603103210662	6.42845588112853	7.41303829027098
167	O325:6	0.974136780053043	9.97819894834871	8.52329313006104	3.72438097697534	3.81658888507887
168	O325:7	3.59308977019687	22.4749929907882	20.9529030354183	5.55464587648592	4.44097234641021
169	O325:8	1.18368846225729	2.82651001306386	0.000238814292159632	0.00164215976405305	0.00452210278080983
170	O325:9	1.01127975175491	0.000447333864533982	0.000216484643549245	0.0010766122715202	0.00357958621316429
171	O333:1	6.22548624285957	4.9421016298118	11.5143166595681	4.69240999264373	2.6422785189622
172	O333:10	15.3710482296494	25.0974138852281	1.25332360538605e-12	4.54814126942399	1.26020846094182e-12
173	O333:13	0.00178963414964627	2.99925928478906	0.000270779922169877	0.000518870859614337	0.0147633603020526
174	O333:2	9.69842965612301	15.9816382713391	3.0631816035229	4.51550290604653	4.75784553085999
175	O333:3	3.97091867934808	10.2068547564775	6.62750021207098	5.21126777597237	5.45003574418344e-05
176	O333:4	1.47374446255393	52.8256128824753	10.3772029289755	1.23063851345832	0.109433879284392
177	O333:5	12.8435689026252	46.9541567603181	12.2189034651834	8.70237272952086e-13	1.26020846094182e-12
178	O333:6	14.8000013929645	1.75295900369491e-12	2.99761900705379	3.91852323519661	9.30044282862695
179	O333:7	20.1719273722727	15.6658835137991	7.55828765301256	3.70477598095409	9.91572175413315
180	O333:8	0.000591844219295546	9.15241078018396	1.85682419030594	0.000180781126394782	0.00659857070592249
181	O333:9	16.0319336433384	29.2184169560069	5.63867349256709	9.61654579821555	0.511026250893308
182	O337:7	8.06494917617509	17.7991799241693	35.4660351048082	4.67725610539352	10.0091819963028
183	O337:8	14.2852455264157	8.5957046037497	20.5301405211403	2.78327684690332	15.8222276367839
184	O337:9	37.0724671141514	80.8810089603993	65.4995415384634	20.1433471535916	29.4202388166225
185	O340:1	1.0765898653413e-12	14.4279666352955	1.36550013840952	1.20315668526103	0.0199835684325496
186	O340:2	9.88491637032352	38.5530493784588	7.8403153647211	5.588014300384	0.150316823839141
187	O340:3	22.8073834740067	52.4457514617367	0.0119060418485808	4.00476508592222	23.7468078461811
188	O340:4	2.68296361419451	38.5467384693093	9.61233541607076	7.7398056341679	9.434763991959
189	O340:5	1.0765898653413e-12	24.501029820328	9.77336226877004	1.35389691548244	18.3883203266369
190	O340:6	8.98645181412164	24.6319386236114	9.03637837282273	1.40435313436742	1.95748977387429
191	O340:7	5.63500402302346	33.4291629889948	13.8120453913828	3.70481100354021	5.43558973525183
192	O342:1	9.33243319860294	40.1363538860036	1.82849662541075	1.82945195691459	4.88988327706018
193	O342:10	0.00287518545386448	1.00932721115162	0.000287894162450814	0.000321473879262095	0.00378888439339096
194	O342:2	10.160435144284	39.8869080022458	6.61276126103279	3.26092984149058	20.0955778816255
195	O342:3	2.48997142731257	43.5919830175664	8.43439702074076	1.24472701568325	6.2555459952544
196	O342:4	16.0690734894412	32.162647056642	2.70310338820705	2.51718206949867	9.5646036926256
197	O342:5	6.38162169756005	9.6349165656932	0.000332802240251809	3.98117650531117	0.0185490243390681
198	O342:7	17.6034719252319	9.27361613579073	6.38307648945035	2.48027674657396	8.27615423374471
199	O395:1	11.2762566356516	7.10112073495815	4.45334579059536	1.18587706896207	1.26020846094182e-12
200	O395:3	0.000890255884134444	0.00648478978468591	0.000295356158258449	0.000226994063660754	1.0087023289382
201	O395:4	0.00141538993107679	0.00201759672338659	0.00029464062744394	0.000224757496824684	3.01264678331177
202	O395:5	2.19383337049307	36.3173885018565	5.79567638060556	7.66779183467527	0.0419179137123146
203	O395:6	11.1360538161485	15.6382813325703	11.1340921456746	1.35675257892665	4.75142517835894
204	O395:7	1.71712603872977	14.2627247427754	22.5675331198166	8.46899853264384	0.000212179216541775
205	O395:8	4.43678267189971	10.6692955015494	9.01153992984192	2.8169612247546	3.08202119214283
206	O401:1	5.0507983592725	3.96530546651327	0.000216861961179184	0.00028073007361574	1.26020846094182e-12
207	O401:2	2.63811720279985	18.8620064195713	6.38349814250048	4.95888874156185	18.1740867661462
208	O401:3	3.83681947108972	15.2211370087328	5.77558021756082	4.44070211321271	2.74236108418466
209	O401:4	9.8129788135698	15.1918099712063	10.5362597771754	7.03950501180805	7.43603899116981
210	O401:5	18.1965097371513	13.8763018748418	10.3000826665859	3.60165120798576	7.04205147226132
211	O401:6	12.6059845480931	26.5845104880318	0.00378636926143007	5.82232094667446	1.26020846094182e-12
212	O401:8	1.0765898653413e-12	0.00130667555149468	1.05091251593668	0.000145226697026074	0.964235464472598
213	O438:1	7.62088875346572	21.8531874345351	13.7975143405468	7.74500789707831	1.26020846094182e-12
214	O438:2	0.573793072198214	21.8431613653732	9.73566277722574	14.2476306360786	2.61633750764809
215	O438:3	6.00365178035389	48.8595298261409	4.60454557866226	6.54074648061318	0.00814372478211214
216	O438:4	1.60264290638689	4.9130042984325	0.000303106711657022	0.000254321527512982	5.50039665518957
217	O438:6	2.02341722326873	1.99061409929614	0.000231899428818836	0.000375548014165031	0.00196205639235143
218	O438:7	1.90895717984589	6.99211006990107	2.11170168533536	2.68583826877053e-05	0.00380858511548252
219	OO10:1	9.90641448572335	30.8423286319415	0.00219927612320417	1.26567267371553	1.26020846094182e-12
220	OO10:10	2.21381717507072	8.96550280972405	1.89549738563742	2.77246524646829	11.169314156507
221	OO10:11	4.82223939684673	34.05677577132	1.70446886192131	4.43312799535071	1.26020846094182e-12
222	OO10:13	1.8520773748343	0.152059976890517	0.000205563280952956	0.0112018499764571	0.00105489163552062
223	OO10:15	0.00851115663115498	3.00477047354724	0.000245599693812064	0.000373692019392279	0.00270101379737345
224	OO10:18	1.0765898653413e-12	0.00293833913806954	1.03941519026652	0.000122989374727744	0.974123360619595
225	OO10:2	9.17778878321645	25.1392300177566	3.98929429515884	6.61451931563887	0.0957686916964706
226	OO10:20	0.00437148756807406	1.00713944634759	0.000227738242820554	0.000294482283662391	0.0045674926804825
227	OO10:3	10.3254452938058	20.6098008081313	4.97851560118884	2.10284565040476	1.26020846094182e-12
228	OO10:4	19.3487988887625	33.0641155087144	4.92076355799267	7.68128040386779	0.00164352829199313
229	OO10:5	14.2020696864841	19.8016364162743	3.59132682534251	4.63076196683991	2.79080490259342
230	OO10:6	1.0765898653413e-12	21.1183172819145	119.91702206872	30.963483297089	0.0177443352621321
231	OO10:7	0.0772808295274867	1.75571563805881e-12	115.881681003367	27.0506020509473	0.00699692195497557
232	OO10:8	1.0765898653413e-12	6.12297543243572	19.9372681699274	2.71114287879657	2.24521410005975
233	OO10:9	13.4488523569422	9.62264829500528	72.4943790306101	13.4507061132849	1.26020846094182e-12
234	OO13:1	1.0765898653413e-12	28.0433407362462	21.9264769387984	31.9490318165783	0.0977060623085195
235	OO13:15	0.000890255884134444	0.00648478978468591	0.000295356158258449	0.000226994063660754	1.0087023289382
236	OO13:16	0.0159281997212021	1.75295900369491e-12	7.18172907821159e-05	0.994590575326468	0.00600735975376902
237	OO13:2	8.89259229804706	21.7404709140056	52.133491476333	22.7843921683004	6.4656239540887
238	OO13:3	0.805228181622583	11.2301814107614	40.2739218627789	6.70181004488023	0.00545749296230682
239	OO13:4	3.24591953532053	32.5102983120192	44.9272521637621	59.5381630845393	0.794871004950168
240	OO13:5	1.7125999954567	38.9947262167963	30.5914098441066	44.2186207163217	9.49917888991515
241	OO13:6	21.99804656728	33.7811875646555	56.852979752529	56.38427407198	2.11124273475736e-05
242	OO13:7	14.6304035282491	58.3222227540439	44.0108195230525	50.0530919520073	1.26020846094182e-12
243	OO13:8	0.0213123275356305	34.6169194611103	42.8477340360969	14.5125633998441	0.0180693566275892
244	OO13:9	8.51898899424774	5.48798286526169	20.6580182774469	16.1604400844455	1.19114079761993
245	OO23:1	10.12976056184	27.6018355011326	0.000499689754340533	1.27593063712262	0.00858651232609603
246	OO23:2	14.3863305166079	38.8471515888979	6.88402037847763	2.89911398201899	3.73731355830796e-07
247	OO23:3	21.5577763762543	32.025775043741	6.25794494671391	7.14773241547999	12.0273698983097
248	OO23:4	18.0015252391819	45.0335660759893	12.085932216817	8.57259683782929	18.3229836660331
249	OO23:7	0.00136135278784746	0.00537224453843645	0.000507064154752969	0.000221992428050241	1.00913707001557
250	OO35:1	12.1813546284725	35.1348769385501	6.14552236878399	7.55485133998473	1.26020846094182e-12
251	OO35:2	18.5839793711827	25.7913432448331	7.13158701103474	1.30821004524459	6.20148938282612
252	OO35:3	17.6470104148502	41.4402054970392	10.929408390865	8.70237272952086e-13	1.26020846094182e-12
253	OO35:5	2.0104879033673	0.00386122788694946	0.000229045659263698	0.000369903227751945	0.00165146715020781
254	OO39:1	0.00601017731732638	58.6453679404803	21.3633393016315	8.70237272952086e-13	0.00192344461870956
255	OO39:2	10.7036439239149	29.5774722926101	10.3626387572266	7.37284801926302	1.26020846094182e-12
256	OO39:3	10.6276794224246	49.4700127480983	8.69570426406635	7.70846558777398	26.514745573577
257	OO39:4	16.9810255582001	68.2785224327017	19.0779266038095	4.12919205711817	3.54996681159031
258	OO39:5	1.0765898653413e-12	1.42787427798338	2.77895886278446	8.70237272952086e-13	2.80976739711214
259	OO39:8	1.11110609711582	1.75295900369491e-12	3.16936064131997	2.9104426152258	2.8256840852496
260	OO82:1	2.26995410022537	58.1461466427048	3.84489834108442	3.06589382429391	8.68973594862189
261	OO82:10	20.7841269731109	58.1474032154845	0.431183842942457	15.0036810754204	39.6501960146267
262	OO82:11	9.04247380493895	57.904407018918	8.24117221739632	1.76459902340593	9.06397829747046
263	OO82:2	10.5835553769111	12.9051232351009	0.0114447170867365	3.03402747979602	12.4824454504388
264	OO82:3	5.2961902660842	29.7961317576073	3.66170782430672	7.14131189937913	3.12126127368036
265	OO82:4	1.08642965167889	6.14651102448373	12.7895751191805	4.2388348182298	13.7552424090559
266	OO82:5	9.48017293175633	21.0627143548969	35.9091023017294	11.663600297752	13.9009988460762
267	OO82:6	5.99876651618307	49.8308866099644	7.44164793454083	5.87563515234624	20.8696778079302
268	OO82:7	8.98566348128766	30.3885768789924	3.13646486320855	6.36130222910201	40.1445864148362
269	OO82:8	12.7938742056353	64.5974921352868	3.16952581875649	7.99475147959292	9.46097657307006
270	OO82:9	10.9114326041536	50.3533130912807	5.44003994378805	1.31184246635281	1.26020846094182e-12
271	OO94:1	6.21839426285481	22.7818813566649	7.4958968130077	3.19215557911239	9.32827721210547
272	OO94:10	10.0537504573846	27.3939904889635	20.0062195236819	8.64855746440312	17.9140775893321
273	OO94:12	0.000170889558149544	1.77746168377466	0.223567917148742	0.000584609327515774	0.0148160735230763
274	OO94:14	0.00287518545386448	1.00932721115162	0.000287894162450814	0.000321473879262095	0.00378888439339096
275	OO94:15	0.00377687358168376	0.000323305448599262	0.000183716600288163	1.00836939697561	0.00394463472601908
276	OO94:16	0.000890255884134444	0.00648478978468591	0.000295356158258449	0.000226994063660754	1.0087023289382
277	OO94:17	0.000983098466074435	2.25763239823378	0.000218023775183244	0.000310763220381168	0.757456963104422
278	OO94:18	0.000890255884134444	0.00648478978468591	0.000295356158258449	0.000226994063660754	1.0087023289382
279	OO94:2	8.49535869975939	32.0200830526899	13.7164428662769	2.65390592724604	21.1308188487597
280	OO94:3	20.7035354059809	26.7245187388735	8.58021406161898	4.00833734517862	1.26020846094182e-12
281	OO94:4	11.0787904839844	17.3926386350022	6.26083400262221	1.51040639351336	11.7739337366917
282	OO94:5	13.4744934388512	36.4669456094572	3.02964607796343	4.04209218152802	23.0034289531076
283	OO94:6	0.262651317236986	48.1210249083762	68.0945929632561	9.25893603658755	13.2794127101241
284	OO94:7	4.43592619518358	23.928430348191	5.10325643825476	2.54899694487244	1.26020846094182e-12
285	OO94:8	0.367805931707047	25.6372035949776	6.03525362240636	2.5204633069015	7.45588362201976
286	OO94:9	6.73758500162553	36.6345987049824	10.9401269630063	5.57837015307516	7.12592941818448
287	OO99:1	1.0765898653413e-12	48.9101388727796	8.92953424969176	6.17335469461	0.00359232907210093
288	OO99:15	0.00216928097073487	1.97172097166313	0.000270130231176403	0.000376432726301647	0.0420644439852294
289	OO99:17	0.00136135278784746	0.00537224453843645	0.000507064154752969	0.000221992428050241	1.00913707001557
290	OO99:2	1.0765898653413e-12	34.6581518221396	3.32546661941591	10.5651129303737	8.46786742613951
291	OO99:3	0.000670579618094533	0.00315250209657434	0.000406597788181094	1.00787244653095	1.00449552839979
292	OO99:4	9.9993243853386	27.9256199634818	6.21878158612074	8.12103086993578	9.7518404641362
293	OO99:5	14.998430978996	41.7864943609217	3.26347512011824	2.96821748461798	1.26020846094182e-12
294	OO99:6	11.3807109416866	32.5224462919847	2.92840735865509	6.54802082387835	11.6370167519161
295	OO99:7	7.36787169927108	26.7011268667043	3.42048908098032	7.84336626915039	0.683745837385415
296	OO99:8	0.00176864856603994	5.99331173998731	0.000228538094372057	0.000236717005738472	0.0210582173812849
297	OO99:9	10.8206897511847	26.8957433915742	2.19407630228297	2.47283140825495	10.633266353232
298	OOO7:1	10.4366627647671	19.997473098677	13.1685884609251	19.4075762662433	0.00627195870448842
299	OOO7:2	11.2041008511358	19.6749280960411	44.0549076162939	31.2029902208689	17.8796205856375
300	OOO7:3	1.0765898653413e-12	11.9696708761327	2.47898784747561	2.56591612850322	0.00202795242561316
301	OOO7:4	21.6847509521447	51.0549866410574	26.302349895954	10.5561426776498	12.4183764905953
302	OOO7:6	0.0104367208470924	3.5239867621058	1.25332360538605e-12	1.47936469881893	0.00281105097821323
303	OOO7:7	0.00177213099648998	3.00151716082048	0.00196764744105865	0.000250411581240446	0.0110945824493115
304	OOO8:1	3.46025473518366	19.6068555166416	8.97300803295689	4.83344822047795	3.14303583948313
305	OOO8:10	7.35301434925437	7.65117344942024	3.76021353516299	1.25219990305174	1.79329001235202e-11
306	OOO8:15	0.0039749186429465	1.09568884547155	0.914783886627853	0.000494794781243151	0.00165838850600115
307	OOO8:18	0.0252266044767645	7.7977933241033	23.7760037399797	2.41114098304636	0.00643878214498993
308	OOO8:2	26.8618817281253	5.68700899482913	6.25123644458294	4.08310627274318	23.1333502692607
309	OOO8:3	5.43789394722954	0.35036311384332	68.7935546557573	10.5065287701547	10.9282436379407
310	OOO8:4	1.0765898653413e-12	16.4122473534278	58.1578750179086	12.6504359195667	6.7960326626544
311	OOO8:5	3.89294018364707	0.768643829996097	18.5305279291926	2.824484492692	1.26020846094182e-12
312	OOO8:6	5.43170134609871	40.7645351220751	26.6409735269368	5.17940821377396	1.26020846094182e-12
313	OOO8:7	12.7866329876028	9.68844101173101	10.8325411215792	4.53275697093344	4.17622234097049
314	OOO8:8	6.83982937861901	14.3502686994232	2.20610382340178	1.62040279863573	1.26020846094182e-12
315	OOO8:9	13.0777065012429	36.6645803818748	3.68192740182699	1.50826887147085	9.08413246399527
316	PD28690:1	4.72342728864847	41.5629514019625	14.9167400283826	7.72776632740461	7.08572498864302
317	PD28690:10	18.5436161906758	59.7872197557488	15.3086289086472	5.70899762259023	15.6681580271828
318	PD28690:14	1.53001434378006	6.99799725350025	19.3315902383904	4.09019984956191	0.0667967992248162
319	PD28690:2	7.63241913393627	12.8587781909931	7.68834491984913	2.47417299994841	13.36288364286
320	PD28690:3	13.3050210155728	34.2960256775625	38.769990563327	13.6173012967068	24.0282514487842
321	PD28690:4	13.5179837798946	68.4615675546452	9.02200214438743	10.9864590306969	0.0286073222531205
322	PD28690:5	1.0765898653413e-12	18.5232797076487	3.27165563129532	1.21897591672043	0.00269865633154999
323	PD28690:6	0.00236723150643573	1.75295900369491e-12	1.00881624691112	0.00109141827676011	0.00432524193902773
324	PD28690:7	0.00236723150643573	1.75295900369491e-12	1.00881624691112	0.00109141827676011	0.00432524193902773
325	PD28690:8	0.00141073257712371	0.000807843790819854	0.994055495647471	0.000314705003468506	0.0200113575265609
326	PD28690:9	11.3346449153338	27.8344363587884	12.4229953762369	10.3099807246339	15.1145344331982
327	pd34199:1	10.7440221629135	24.4980952683033	1.38527143280143	3.05307735452637	9.33613851041204
328	pd34199:10	8.48622832628002	31.4899345001821	6.87114760452604	4.08603506360962	7.08326353286404
329	pd34199:11	13.5699019057955	43.6256720448095	5.3962876100264	1.43726190637224	13.9874955677555
330	pd34199:12	13.1743827509205	40.4688073825436	2.74700281261911	1.57289748188227	6.05352819816445
331	pd34199:13	13.6936801129957	31.9005531148447	5.03070265394326	3.30826559244936	16.0834054924735
332	pd34199:14	26.6225073070811	18.3657959017626	8.84533404498719	6.51414972694647	21.6688007434991
333	pd34199:15	1.0765898653413e-12	37.0659046179506	7.50571929514085	6.09577437049501	41.349202752248
334	pd34199:16	1.0765898653413e-12	1.69004070768633	1.0374046022654	0.000105051248081015	3.28904996702775
335	pd34199:17	12.8298270620993	43.0359771631042	3.48111161989572	10.9689164370832	14.7007664954963
336	pd34199:18	11.3862894113692	10.0908445385896	3.61876893336787	2.90556144912127	16.015129727046
337	pd34199:19	5.45234373153456	40.1221538593201	4.97209864267782	6.69080172920915	7.77921151018729
338	pd34199:2	6.3093735602352	13.8010342887262	2.55110224114681	1.39498818885371	14.9601025643235
339	pd34199:20	15.4035044910015	40.1534417799612	2.73416709959861	3.89290271918923	28.8325907684575
340	pd34199:21	7.72597230532183e-05	10.7621530504087	5.38115850284945e-05	1.15375897777238	0.10056144837449
341	pd34199:22	7.2953759793534	13.8795858834774	1.45862147331546	0.000144957919801252	5.38287773393872
342	pd34199:23	7.45318351853187	1.75295900369491e-12	1.25332360538605e-12	4.39462143816188	13.1687806957782
343	pd34199:24	3.63655765616877	12.4931339192113	2.38061311517236	2.98595300757308	7.5203416689301
344	pd34199:25	6.34569256721972	17.8501903456395	0.00103668176898113	0.000245693570738965	9.81944208445932
345	pd34199:26	10.4865305128268	61.083033636752	4.24551713917314	4.18810898420051	0.0134387731021794
346	pd34199:27	13.9982135598919	43.9022544125554	6.71497153771742	8.70237272952086e-13	0.401186498821621
347	pd34199:28	11.4271298695106	52.6702086724421	1.99205796089661	3.46588195499494	10.4613432244083
348	pd34199:29	16.0637709508434	68.3557230503923	3.47903337472918	8.70237272952086e-13	10.1181108048357
349	pd34199:3	5.30324551691863	49.0089387935975	0.00629073933226116	1.31993500550499	6.37821590191654
350	pd34199:4	2.31720176438174	46.5733429470921	8.05224824857522	2.79042933921259	25.2833956538702
351	pd34199:42	0.00136135278784746	0.00537224453843645	0.000507064154752969	0.000221992428050241	1.00913707001557
352	pd34199:47	0.000890255884134444	0.00648478978468591	0.000295356158258449	0.000226994063660754	1.0087023289382
353	pd34199:49	0.11998878772497	9.82139958832162	0.0723112008750053	0.000260548062555906	0.00264619498937081
354	pd34199:5	9.30582939801551	31.7468980517226	9.98854184543642	4.69597712845867	12.2793603367462
355	pd34199:53	0.00525379478480695	0.000604664194995417	0.000106167532262506	1.00241702018033	0.00821629152133375
356	pd34199:56	1.0103944996895	0.000301074133377878	8.96271469620322e-05	1.00449330553141	0.00131920217084044
357	pd34199:6	2.9282057613504	1.75295900369491e-12	0.000293981435516563	0.000292765048688336	3.08780597710558
358	pd34199:7	9.74892400255522	57.2186885021672	0.00780152244792465	6.52825405044943	13.5129495057754
359	pd34199:8	5.00977823518568	14.5745310038829	4.96554527910991	1.46444188203204	7.00230763332612
360	pd34199:9	20.2861496318155	26.5259538685593	3.62458091086775	6.50317066950584	23.0767382359825
361	pd34200:1	2.5151245750478	2.66522244583729	4.36186499379683	1.69753282807257	21.7768474219784
362	pd34200:10	6.08899295528208	43.224352423116	3.26491973090075	6.18693283922071	18.2514112823701
363	pd34200:102	1.22529064664301	1.75295900369491e-12	0.000390434339079273	0.000202124180064683	0.790716299282408
364	pd34200:103	0.953500921933027	1.33261263391406e-06	1.05281374855767	0.000131816549996999	1.010151834447
365	pd34200:105	0.00523972051659829	1.00718969650307	0.000332801414922256	0.000439942545289855	0.00339848601824133
366	pd34200:11	3.45401454098533	52.6139515100507	10.2108506960924	11.2571772583401	16.4806129379879
367	pd34200:12	5.4557508415986	15.3987142297335	9.01778584605797e-05	1.87855161918301	9.28349541357866
368	pd34200:13	11.5380988785151	52.7218046787624	4.68904889487303	6.72636982482589	19.3412906447046
369	pd34200:14	20.4864119153574	22.0725499205947	5.32523872265644	1.58572361973044	11.5466797449848
370	pd34200:15	2.75861106874822	22.571142120031	2.31509061327454	1.36968604496645	0.0020816096788245
371	pd34200:16	2.64795087272033	0.289941643194659	0.00026221437540047	0.000280558303387256	14.0781604098475
372	pd34200:17	1.0765898653413e-12	41.7293733021874	8.80546666812615	4.22825849960809	10.2535181871418
373	pd34200:18	11.59467952709	52.1690388503069	0.000706459412778517	6.7626724403545	25.4895128388105
374	pd34200:19	10.2238537661519	35.1075132941838	13.9138465351734	2.96043689340746	2.81096496852118
375	pd34200:2	5.73123348484282	37.7561967529116	0.939178655328299	6.45588663734677	8.13411216698333
376	pd34200:20	6.77161065243269	17.8369980768138	2.28799300117193	2.93733122846585	7.18266932886788
377	pd34200:21	6.34712218065592	26.3369004871311	5.68149647504092	8.70237272952086e-13	9.65109455630447
378	pd34200:22	13.382221621162	26.5467912623706	3.50381212959394	2.7867660056051	1.79701736622639
379	pd34200:23	7.18917058406009	14.6959236986163	1.25332360538605e-12	6.54597395068938	6.58552436329269
380	pd34200:24	13.7010887613867	23.5227685498844	7.26510000284592	6.32136843271201	14.2062704580394
381	pd34200:25	4.98590681933406	43.725625670622	5.10233554626844	4.19998653533562	0.00276461496192394
382	pd34200:26	14.922239853736	45.469666620659	4.1602275946774	6.72964640658669	23.734825706197
383	pd34200:27	13.0286763078352	22.848103549174	5.82197351592928	8.70237272952086e-13	24.3178525329419
384	pd34200:28	7.30172565270278	1.75295900369491e-12	11.2952308822453	5.36228550013461	13.0573432917079
385	pd34200:29	6.08369096422615	39.5332599080488	6.97438558542229	1.42528573942287	1.26020846094182e-12
386	pd34200:3	6.53886270071079	24.2656753363005	3.19725449003448	3.85242511870437	34.1623796371766
387	pd34200:30	12.342189236275	15.1455217440018	1.80628645154227	3.86917566084489	6.85342430929799
388	pd34200:31	6.12895157109942	14.3608553892386	2.25585762026678	1.27094101158841	1.26020846094182e-12
389	pd34200:32	8.43995578985495	19.534776787775	4.74286220807223	8.70237272952086e-13	8.29901429208463
390	pd34200:33	1.70966017328169	1.75295900369491e-12	0.5369909327701	0.000148130402953493	1.7697999640252
391	pd34200:34	1.0765898653413e-12	18.4766688607514	8.18167520649737	1.47668455878877	9.8815786908903
392	pd34200:35	1.0765898653413e-12	6.25394334025617	1.48147786446493	1.13783253349755	4.14334702534309
393	pd34200:36	1.0765898653413e-12	1.95322853575553	1.10009624951219	0.000331429236099866	4.96294382942508
394	pd34200:37	1.73180251945817	2.07991587273381	2.6661302375494e-05	1.17109524120494	6.03375658402525
395	pd34200:38	11.6035612193841	21.9252840867313	3.87754312790863	1.28298391354275	3.32723617504009
396	pd34200:39	10.2935725702453	27.4936338984576	6.76183270846369	3.66464626801132	11.8029201410012
397	pd34200:4	18.4849695022433	18.0027180328229	6.57185573109571	1.51214810997256	30.4449054780105
398	pd34200:40	1.61242331042803	15.667151512496	4.06649402070709	2.84603791628715	2.82449693579808
399	pd34200:41	6.2870048923151	27.4884157989308	3.01673976710482	8.70237272952086e-13	5.2244548439798
400	pd34200:42	8.37991899816846	27.7556089268994	2.40631084178311	1.4330596510372	0.0417149869014261
401	pd34200:43	8.47396289523526	19.6823278730177	5.10855072066488	5.88415971102987	2.86759743319896
402	pd34200:44	2.0210602245249	18.3287497667582	18.077745122208	4.89168514428596	7.69736149611532
403	pd34200:45	12.9965408275633	13.6064096041467	7.78442875930976	3.19343028564844	5.43578940889828
404	pd34200:46	1.79607115128217	5.08300140998994	1.25332360538605e-12	2.08474081633477	0.0527852008810297
405	pd34200:47	12.5162716182728	10.4316840696665	2.96197461179276	6.23480903354149	18.8718469712602
406	pd34200:48	1.0765898653413e-12	30.4653383378798	9.21907329817065	8.4196593318486	3.91253162253257
407	pd34200:49	5.4765854870566	33.5926604742015	12.8826676852666	5.06469821467412	1.26020846094182e-12
408	pd34200:5	3.36708191305825	14.8381577995423	3.48423542181372	1.37090717153506	6.95622226411291
409	pd34200:50	1.0765898653413e-12	6.90411034466143	10.4109621168055	8.70237272952086e-13	8.7015310612379
410	pd34200:51	4.49508730711736	38.6989548912891	4.62905967076109	3.18484035786005	0.00867584277788432
411	pd34200:52	1.40274631917427	10.5358023500337	0.000512808415954812	0.000267809027168339	14.0772733053291
412	pd34200:53	17.7589067571156	7.53225304470904	3.18570635180853	8.70237272952086e-13	25.539728089863
413	pd34200:54	1.64593566159435	9.22411665023158	1.93752095175691	0.000140117225698611	12.2088891001325
414	pd34200:6	6.10861386351915	12.1719439448667	5.20251209921412e-05	3.56668755395854	3.16930088715982
415	pd34200:68	0.00136135278784746	0.00537224453843645	0.000507064154752969	0.000221992428050241	1.00913707001557
416	pd34200:69	13.1212072924935	13.5344137410529	2.26517281919378	2.99841310238356	10.0973901880321
417	pd34200:7	7.3179615199722	42.3749060051162	2.77442663062186	4.44839181463066	39.100920174811
418	pd34200:71	7.11987248155747	18.83943256219	9.48899074894581	3.91237055720679	16.6559329038261
419	pd34200:76	1.0765898653413e-12	1.03929334208973	1.25332360538605e-12	1.9648528677123	2.0124498694435
420	pd34200:77	2.43786062667728	56.0207460012343	0.000268625782909313	1.07007022042563	0.487687795221147
421	pd34200:8	8.66097089788856	49.4305391002522	3.01141793512228	5.45833709663596	7.45535206902223
422	pd34200:83	2.98297245910093	9.37605987732199	1.52632196277787	1.12951075803156	0.001738215383558
423	pd34200:84	8.57224913810925e-10	10.1595488067682	2.04959638622952	2.56370688308415	2.24374888385278
424	pd34200:85	0.000890255884134444	0.00648478978468591	0.000295356158258449	0.000226994063660754	1.0087023289382
425	pd34200:89	0.00136135278784746	0.00537224453843645	0.000507064154752969	0.000221992428050241	1.00913707001557
426	pd34200:9	1.0765898653413e-12	56.3241786456904	6.84328301599831	4.90035031735466	0.948815010025262
427	pd34200:91	0.00423809270564067	1.75295900369491e-12	1.00726629848204	0.00119762151147079	0.00389812519306566
428	pd34200:92	3.73373958902549	9.79297490836994	4.19423622738193	1.28013208723426	0.0155206240972679
429	pd34200:94	0.0132081835388574	0.999751796632057	0.000252972911857789	0.000454468437053322	0.00293321896632108
430	pd34200:95	0.00406778940660445	2.00885088633072	0.000296841251207938	0.000339193309255351	0.00304658367326893
431	pd34200:96	5.94019372104062	42.1492194332205	11.2592504183308	6.39851919212606	15.2694273254705
432	pd34201:1	2.96313494465811	13.2679257841912	6.1645180052461	2.60934049742646	0.0116841708110101
433	pd34201:10	3.64170661513363	21.701416437737	28.199680536844	5.45920102967774	0.0146013332498196
434	pd34201:100	0.00423809270564067	1.75295900369491e-12	1.00726629848204	0.00119762151147079	0.00389812519306566
435	pd34201:106	0.000890255884134444	0.00648478978468591	0.000295356158258449	0.000226994063660754	1.0087023289382
436	pd34201:109	2.05678942502522	2.87798358107983	0.00208502369798797	0.000232477962792394	0.0795108628777199
437	pd34201:11	4.66195377209365	2.38632475111818	11.1151335825734	7.31476326440085	8.53840930601156
438	pd34201:110	3.45899817358995	3.76925540634286	1.78824112269404	0.000107201252374189	1.26020846094182e-12
439	pd34201:111	0.0132081835388574	0.999751796632057	0.000252972911857789	0.000454468437053322	0.00293321896632108
440	pd34201:113	0.00789042065106893	1.0047574314994	0.00022426895197529	0.000314009979600057	0.00341451398672112
441	pd34201:12	0.34302239789329	23.2041697718582	21.0666832143126	3.09730691089593	0.305429134499733
442	pd34201:13	1.73799383015849	27.5707418667056	4.38915505299193	1.16411575672463	6.1546074223064
443	pd34201:14	2.15861293103945	7.46592196117228	5.83562947205091	1.53775856985336	3.0186782290308
444	pd34201:15	3.72561677676494	32.8288130341576	14.354308333476	10.107863469797	1.26020846094182e-12
445	pd34201:16	7.42013105603819	24.2228102036099	6.23391145607065	6.27558282370465	0.864166170632225
446	pd34201:17	5.49357938299507	35.5071317753451	3.69108765416365	1.32482066187568	1.26020846094182e-12
447	pd34201:18	3.8033717659979	8.16860224656417	0.000904933019642157	0.000292419971553282	0.0434330345821335
448	pd34201:19	0.544818867877343	16.3505985277895	2.60827613352977	1.51172124455222	0.00119291851202246
449	pd34201:2	7.06021626839572	8.17971798047732	3.52703915275978	3.42019296965035	9.82942807118824
450	pd34201:20	1.0765898653413e-12	15.8066707878694	7.45460028417313	1.20420490691512	2.55113209734523
451	pd34201:21	11.6772633336788	6.97232768366156	11.4595245185057	2.44732558328319	10.4601544466164
452	pd34201:22	3.14929381198021	7.65864403923238	5.76963164617599	1.43641795367397	0.00261464495244145
453	pd34201:23	5.37029943501173	21.4464590227793	1.25332360538605e-12	3.19984759790929	1.26020846094182e-12
454	pd34201:24	1.0765898653413e-12	33.8095131564833	5.8803475270051	1.32345766825445	0.00330157904219764
455	pd34201:25	2.2760195244589	22.6192688789883	2.44476208624093	0.000125787740462101	1.67643768773445
456	pd34201:26	2.01160055431447	9.55407144432878	5.59617826686383	2.49036486724998	2.36438560166365
457	pd34201:27	3.496987817478	8.81905384065408	7.99804547457673	1.3756919547694	19.3268187788227
458	pd34201:28	1.19067782095278	26.9992710816643	0.000342199032592849	0.000249273778026072	2.82607599794094
459	pd34201:29	2.62159939907569	21.2916384386422	3.60524451651452	2.49812617308833	1.26020846094182e-12
460	pd34201:3	9.19065894706795	7.02993035733086	14.6263756121377	1.33092091051551	3.83871490757845
461	pd34201:30	2.85985416776945	31.8136175244969	0.0160053132525331	3.32653874767225	0.000597301644932648
462	pd34201:31	1.0765898653413e-12	18.8273955114622	3.88301819277334	11.5898891584144	5.71628445373615
463	pd34201:32	1.2742000075375	12.3200071370655	3.88662403341565	3.61459893365178	15.9211662775666
464	pd34201:33	11.4839347870319	14.3651198053526	1.46390749538529	2.70363924350778	1.26020846094182e-12
465	pd34201:34	9.45321724334377	9.20753621309668	2.90540197304459	7.51946878220102	16.9309598844946
466	pd34201:35	11.4692577448447	6.16021378688679	0.00176477391277677	0.000272415623376594	4.38509145208857
467	pd34201:36	1.0765898653413e-12	24.0316411947126	12.0478023307615	1.63808286545572	3.29908654477778
468	pd34201:37	23.3530131040412	15.738464433773	3.2729747663603	5.39712191520386	0.255019971309439
469	pd34201:38	1.0765898653413e-12	30.1221933032646	6.26685857389903	2.81648118667157	8.81107904187787
470	pd34201:39	10.1110737693214	14.8748322881807	2.03055214583863	0.000149399347182637	1.26020846094182e-12
471	pd34201:4	21.2973557188225	18.0394848199508	21.8284854231077	4.04547502282927	2.8057998492432
472	pd34201:40	1.0765898653413e-12	13.5105671597634	7.10202008444153	2.17562692346731	0.22839102378439
473	pd34201:41	2.14917433277778	22.7782376753326	2.64197041063503	1.44722919675175	1.26020846094182e-12
474	pd34201:42	1.0765898653413e-12	23.0113534010893	12.377122248723	1.29844534920721	3.3296920138903
475	pd34201:43	5.83645326006715	7.66059938266503	2.74245950296098	6.73615939793444	7.04091668958802
476	pd34201:44	3.68977222510829	21.7485480772295	1.51329100960575	5.06499170154891	1.26020846094182e-12
477	pd34201:45	3.79098474277142	28.1379646482393	4.8040571182224	1.28360883600372	1.26020846094182e-12
478	pd34201:46	8.01501704440116	11.9936989589788	0.000638203385690843	0.000328586829982824	0.00692313390245291
479	pd34201:47	6.67566949471386	27.9463304999853	4.49469929108001	8.70237272952086e-13	5.89991624656708
480	pd34201:48	5.09412458501599	9.92191564035525	0.000236401335577956	0.000328625256491305	1.26020846094182e-12
481	pd34201:49	1.0765898653413e-12	13.3590314435993	5.79060159164097	1.23311799458594	9.63385321518363
482	pd34201:5	7.94193079635659	14.7985490843345	6.59653657211867	2.41716924050232	4.26241685361519
483	pd34201:50	4.33563550375055	27.602530787741	0.000185840421790421	1.42957114336376	11.6486874037538
484	pd34201:51	0.331681144279362	14.6770628612849	5.36205173407498	5.11399416696	7.53180766392398
485	pd34201:52	3.14878257505231	8.98508200354527	0.000509089091333998	1.57668054321558	5.30554617230454
486	pd34201:53	13.9975022513387	12.0178146224791	0.000431662156595287	0.000315937469372163	0.00054012038825914
487	pd34201:54	0.00128909190453567	29.3644084169144	0.000628367243242132	1.63639534209224	0.013894366967886
488	pd34201:55	0.861173811240961	22.2227500134707	1.18649455869656	5.18193220159766	2.56425237833945
489	pd34201:56	1.69213558897784	1.15659787045612	1.58639288889356	3.32727635076793	8.25418877511834
490	pd34201:57	10.7772837115458	12.7988778218131	0.00170703928215009	1.26087934639094	1.17785499200177
491	pd34201:58	5.80564155472569	8.37562131361905	8.16412214174738	2.69559230678636	10.9756193622646
492	pd34201:6	4.40211398571392	7.93927563751337	2.98487523770033	1.32845698071289	8.36187767075641
493	pd34201:69	0.000890255884134444	0.00648478978468591	0.000295356158258449	0.000226994063660754	1.0087023289382
494	pd34201:7	2.97222777646281	10.4983642146729	3.79300610543339	8.70237272952086e-13	1.75300805898895
495	pd34201:70	0.00224152244510771	2.47991049407478	0.000917270026943956	0.000211651965241621	1.53332023735928
496	pd34201:75	0.000351141351460296	0.00406713037796639	0.000160437394864617	1.01246833650241	0.999550601361982
497	pd34201:76	0.00136135278784746	0.00537224453843645	0.000507064154752969	0.000221992428050241	1.00913707001557
498	pd34201:77	1.0765898653413e-12	0.00106816844617677	1.05869698751001	0.00011797512599604	0.956716754655691
499	pd34201:79	0.000890255884134444	0.00648478978468591	0.000295356158258449	0.000226994063660754	1.0087023289382
500	pd34201:8	1.27433156256776	25.3085264375733	4.80406893721471	8.70237272952086e-13	2.6296890598501
501	pd34201:80	0.00136135278784746	0.00537224453843645	0.000507064154752969	0.000221992428050241	1.00913707001557
502	pd34201:83	0.00221987847143302	7.55547802783712	3.45719317338938	8.70237272952086e-13	0.00171428386263054
503	pd34201:87	1.0765898653413e-12	9.00441218111892	15.2370297406791	4.74875974953311	0.0263965332843733
504	pd34201:88	0.00109599476320181	3.95240258145267	0.000232642193352212	0.000596817593162902	0.0622744959815841
505	pd34201:9	6.22394183621955	1.75295900369491e-12	10.9001147273851	8.70237272952086e-13	17.8925386275378
506	pd34201:93	0.00136135278784746	0.00537224453843645	0.000507064154752969	0.000221992428050241	1.00913707001557
507	pd34201:97	0.878659354778923	1.71724168257356	3.41551546967715	8.70237272952086e-13	0.00518488412882757
508	pd34202:1	2.85436803285534	2.1999815109568	3.53988576675274	8.70237272952086e-13	0.422365848263871
509	pd34202:12	1.01297829260188	1.75295900369491e-12	0.000228537163949228	0.000463323870109531	0.00292961587979897
510	pd34202:13	0.0062468912555551	2.00698039842891	0.000269545354819367	0.000330249831127184	0.00277420749123619
511	pd34202:2	4.29418521685367	1.75295900369491e-12	4.16630814918489	8.70237272952086e-13	2.55610554685776
512	pd34202:3	1.0765898653413e-12	2.21310616341376	3.7270312511749	8.70237272952086e-13	0.0764645193310419
513	pd34202:4	1.00845279463151	0.759422273505915	1.24811613842409	0.000260099343058089	0.000349132247664439
514	pd34202:5	1.0765898653413e-12	6.95705520336471	6.00860998828539	1.04403306683263	0.00690493442218859
515	pd34202:6	1.0765898653413e-12	10.604197830331	1.2136527872203	1.19524599337	0.00350794819203119
516	pd34202:7	0.00423809270564067	1.75295900369491e-12	1.00726629848204	0.00119762151147079	0.00389812519306566
517	pd37266:1	3.74681378539249	78.1099854434587	10.153993808437	6.76684527905475	21.238992913743
518	pd37266:10	7.70881385433277	68.9391368963732	12.9256723379888	6.92445580403138	24.5185446862362
519	pd37266:11	0.081991296939674	26.4002121253268	36.6017692971902	7.92242551635652	0.0102076830327535
520	pd37266:12	6.1204781844606	46.1854775200333	44.3241690477932	8.38098708652423	10.0055028724589
521	pd37266:13	5.54832174431552	10.4937815003333	31.154890572711	6.57225535234474	12.2473438712396
522	pd37266:14	3.76842186404062	29.1834587604543	28.2549737215394	9.40859933930279	14.4011449884149
523	pd37266:16	10.9732092757793	9.86329571236911	11.5222254524951	5.37735051688699	4.28051233171511
524	pd37266:17	5.23325476116697	24.1014539144131	37.9069477750668	2.77495758048345	1.26020846094182e-12
525	pd37266:18	1.0765898653413e-12	9.26581069070848	2.69937277047737	1.09797388491286	4.95344539130291
526	pd37266:19	0.000629661315568673	5.10326527279635	2.90834143868403	0.000112852363471482	0.00425447773803344
527	pd37266:2	0.841006950190844	36.4440724684345	24.1441546379036	10.7569530000465	17.830412665896
528	pd37266:20	0.000890255884134444	0.00648478978468591	0.000295356158258449	0.000226994063660754	1.0087023289382
529	pd37266:21	0.00058226026502644	2.91004447304634	0.000254849146084183	0.000253585626466161	0.105466680116563
530	pd37266:3	11.1053450873002	27.4135328931942	6.19376455936548	1.30397084074405	1.26020846094182e-12
531	pd37266:36	1.01171027682363	1.75295900369491e-12	0.000261780295762679	0.00032570996924846	0.00430200262209819
532	pd37266:4	4.8880801208993	54.645978692105	5.3986745138623	6.31515517348085	1.76873296541243
533	pd37266:5	10.2244536557126	27.609588752657	20.4041575175209	7.99559881633727	24.7827963813976
534	pd37266:6	15.3962244453619	48.9801950125984	22.3374846606475	4.17142903319806	14.1312856657035
535	pd37266:7	5.82928225166846	21.7219014576842	11.9453884388933	2.52003706632139	1.26020846094182e-12
536	pd37266:8	1.0765898653413e-12	4.6744858974609	5.06452650028938	8.70237272952086e-13	4.27759015277712
537	pd37266:9	0.0533446049698603	11.9517118334009	0.00252194595653951	0.000228873329892448	0.00880044063500281
538	PD37449:1	8.68181432505549	16.5496511270636	89.8061140518859	9.3230897681876	9.65593032657991
539	PD37449:10	1.44348086230283	1.75295900369491e-12	0.571130947163627	0.00120000704387624	0.000787935569077817
540	PD37449:11	1.0765898653413e-12	12.8578476955374	1.14293373163645	0.000165956829763652	0.0156610705389548
541	PD37449:12	0.00179914967468104	17.9416145678209	0.00112067320907582	0.000237701150610572	0.0718394659486203
542	PD37449:13	0.00523972051659829	1.00718969650307	0.000332801414922256	0.000439942545289855	0.00339848601824133
543	PD37449:14	1.0126543602381	0.000290449517007447	0.000246911192370369	0.000381414177533321	0.00302663479587298
544	PD37449:16	8.09266410087968	18.3080916881368	137.925164091111	20.6800553419992	0.0106117871841642
545	PD37449:17	1.0765898653413e-12	0.00176876015057378	2.96260053962839	2.7787262248075e-09	0.0522311029410039
546	PD37449:18	1.0765898653413e-12	12.8040221210943	78.6464777338906	16.5903576994935	10.975724720153
547	PD37449:19	3.32878384608751	6.21736989348088	0.454859664258616	0.000717716503909131	0.0148721989642969
548	PD37449:2	0.00393532063882024	1.75295900369491e-12	2.00787834653019	0.00118093180275926	0.00360568054939121
549	PD37449:20	1.0765898653413e-12	29.3008310355271	3.50040365793749	8.70237272952086e-13	0.215384650748321
550	PD37449:21	1.01127975175491	0.000447333864533982	0.000216484643549245	0.0010766122715202	0.00357958621316429
551	PD37449:22	5.49088842208292	29.9713733403867	4.76100807644683	1.49142864315463	3.30191631714992
552	PD37449:23	7.37887903308533	26.1986596843289	66.3544421037123	9.08062194689411	0.00400320179508574
553	PD37449:24	9.9097344469514	22.1699264545663	150.115630930217	27.8202811803551	0.00100314056918246
554	PD37449:25	0.0034877462349804	5.71319260472068	10.2778586992828	8.70237272952086e-13	0.0220660826797686
555	PD37449:26	0.994584310602125	1.0843468219523e-11	33.3511577043509	8.29116992274384	3.37967459012409
556	PD37449:27	8.56594622783631	0.040466596342473	1.41007910693448	0.000106359712886403	1.26020846094182e-12
557	PD37449:28	8.26361795146738	10.0717093511108	23.4681183066081	7.18982702849202	2.023319987924
558	PD37449:29	5.59993664859284	21.8165448122222	5.90605803742459	1.43443296417233	18.2596331952857
559	PD37449:3	1.54872802999097	1.75295900369491e-12	9.56167506121379	1.61043639022239	3.29575730229166
560	PD37449:30	5.40231128983011	31.2742154322103	8.41906712988629	3.88006778829405	11.0409474926642
561	PD37449:31	0.124362851012133	1.89290444305671	0.988392602374434	0.000162072123492747	0.0107793613174203
562	PD37449:33	9.29223562183883	1.75295900369491e-12	124.259786354609	17.1597015874444	11.304853537019
563	PD37449:34	8.4985742898845	33.1250518336685	9.76778116603248	4.62520404971374	1.26020846094182e-12
564	PD37449:35	6.01775380246403	38.5336667518242	9.26641507285897	4.67846915025245	8.52030807786195
565	PD37449:36	4.72155535551573	26.0911128598648	156.30095556516	17.777571827746	11.1254026722908
566	PD37449:37	4.30131811084954	30.5176915915358	10.9500099337381	3.41171935238535	22.8358679652053
567	PD37449:38	8.23892320277809	5.8667199122435	148.45969359266	20.8854844807144	9.5657561859197
568	PD37449:39	12.7878270899529	8.51911156810957	124.778211935329	16.2135683215096	6.71786617824964
569	PD37449:4	1.13040815339692	0.884831894254023	0.000228497560649417	0.000257018435982903	0.000874751356654949
570	PD37449:40	7.21645680948917	7.17239649133386	2.62775006959636	8.70237272952086e-13	1.26020846094182e-12
571	PD37449:41	0.00523972051659829	1.00718969650307	0.000332801414922256	0.000439942545289855	0.00339848601824133
572	PD37449:42	0.000137549889837471	1.75295900369491e-12	2.94606459446813	1.06852954384011	0.00186653319305134
573	PD37449:43	0.00317250283591279	0.778006804687008	3.2337472740141	9.44832527215298e-05	0.00157989305917113
574	PD37449:44	1.01294107271786	1.75295900369491e-12	0.000229192634056814	0.000587061904148097	0.00284244203867004
575	PD37449:45	2.88336725425018	1.75295900369491e-12	1.13293604047924	0.000296213678761495	1.26020846094182e-12
576	PD37449:47	0.00806081459260979	1.00457695077252	0.000225036292486778	0.000646140541657032	0.00309170212173009
577	PD37449:48	0.00460846555932373	2.00799713333316	0.000271901402646697	0.000328133919366867	0.00339565900623455
578	PD37449:5	19.7796074709125	1.75295900369491e-12	185.393346528863	26.9647353562706	7.87887482773709
579	PD37449:6	8.93579112694311	39.5711677350069	112.220754319459	14.5293624206426	4.75953262502849
580	PD37449:61	0.000890255884134444	0.00648478978468591	0.000295356158258449	0.000226994063660754	1.0087023289382
581	PD37449:63	0.00377687358168376	0.000323305448599262	0.000183716600288163	1.00836939697561	0.00394463472601908
582	PD37449:64	2.33650545464594	12.8358451404242	59.0315077792755	14.2607988563329	3.55192859986429
583	PD37449:69	1.0765898653413e-12	18.3007930350656	1.41699383288952	1.18517447430088	0.113648202750613
584	PD37449:7	0.0164885727521481	1.94224334036004	0.000137627541319152	1.04062661609256	0.0171029510173001
585	PD37449:70	0.00377687358168376	0.000323305448599262	0.000183716600288163	1.00836939697561	0.00394463472601908
586	PD37449:74	0.0158269930808999	2.98858754337249	0.000245040837731696	0.000481796727431393	0.0114605469323022
587	PD37449:75	0.043238804153126	1.75295900369491e-12	16.2870023254311	3.68563425080462	0.000719342514535083
588	PD37449:77	0.753370508471424	0.845655324147896	1.40800392748128	0.000102831828694293	0.00946797988086637
589	PD37449:79	1.59482792497981	1.64005280498599	0.000259802620025691	0.000460744113554789	6.78099754686316
590	PD37449:8	3.93339186150375	24.556504911242	47.4532589242755	6.21708268776972	11.8563672374426
591	PD37449:82	0.000959991160289471	0.00371332614668694	0.000291850062627194	0.00430804271045804	1.00732650494275
592	PD37449:84	0.000550217162175167	0.0128329982513133	8.99300488513278	8.70237272952086e-13	0.0102131760308397
593	PD37449:85	1.0765898653413e-12	1.09342443417165	12.8361318444686	1.04074869158052	0.0462953996574935
594	PD37449:86	1.22751955318926	1.75295900369491e-12	47.44007162615	6.88907637350271	0.459924600362489
595	PD37449:87	0.0202946922973736	1.75295900369491e-12	27.353335930046	6.64183325398284	0.00112634461691703
596	PD37449:88	2.84931293389856	1.75295900369491e-12	2.15305858476249	0.000267606520723719	0.0139605313209966
597	PD37449:9	1.69709323799174	19.2547643733998	10.0609137887849	8.70237272952086e-13	0.0038420635333324
598	PD37449:91	0.00136135278784746	0.00537224453843645	0.000507064154752969	0.000221992428050241	1.00913707001557
599	PD37449:94	0.00085962278798551	0.00599175204656297	0.000290360305725299	0.000224672675186981	2.00923304023387
600	PD37590:1	7.39717529188084	102.374876767275	19.1986367263312	8.45324231520341	13.5927148920254
601	PD37590:10	1.95492412016532	2.02577855477301	1.25332360538605e-12	1.83811399230064	1.19778009256008
602	PD37590:100	40.5054818527198	57.6514496072046	7.84810340846919	7.44120042630451	25.5703715239394
603	PD37590:102	5.9120456803739	34.9904807282017	11.9848528051931	4.3884171348913	7.74081543929331
604	PD37590:11	0.00222344075223878	1.67174848931452	1.33536671853256	0.000244887336237423	0.00701772872776758
605	PD37590:12	2.05516538308694	1.75295900369491e-12	0.00028858227267052	0.000237203250645135	7.96090616703361
606	PD37590:13	0.000351141351460296	0.00406713037796639	0.000160437394864617	1.01246833650241	0.999550601361982
607	PD37590:14	1.0765898653413e-12	5.64163644134204	1.45726314192455	0.000115442192807604	2.91758801485306
608	PD37590:15	4.1530538587357	47.925550527975	10.461455291554	2.63341238560669	26.8431465793512
609	PD37590:16	17.8228067912904	59.4509298504296	28.913210595958	16.9954510406954	32.8341961721512
610	PD37590:17	14.116335658951	59.0378070280293	13.8706661177842	10.3901544676437	1.60165181824596
611	PD37590:18	0.00202761574644853	4.63869050437233	0.000265414511792177	0.000361510484699715	2.37525729089658
612	PD37590:19	0.00668938426913141	5.99137866186896	0.000238494088078282	0.000269867433416587	0.0180274517872514
613	PD37590:2	0.000545707246584054	4.63299117265174	0.000228721925586678	0.000358173955224702	2.38247855489562
614	PD37590:20	15.2649957653027	52.0735977100161	6.51048928634333	10.328033214287	7.83949172452642
615	PD37590:21	16.5308151248462	48.9779542913777	10.4005023569436	10.1735043681277	30.93382376129
616	PD37590:22	0.00162880797778555	1.8635977945928	1.13342923430338	0.000136680162486751	0.0178088402633258
617	PD37590:23	0.00247905511826282	24.5060772804449	2.02687805928843e-11	1.79576442579954	13.7122875755934
618	PD37590:24	4.51147542171026	1.75085378690981e-05	1.80615423950417	2.38483863447171e-05	2.69892747255662
619	PD37590:25	1.0765898653413e-12	1.75295900369491e-12	0.760790621582917	2.25019661884508	0.00560824417824453
620	PD37590:26	0.00104524794216462	0.0054989914317407	0.000367784696802037	0.000222127035492273	2.00946529653521
621	PD37590:27	2.18989986675771	1.75295900369491e-12	0.825481299264853	0.000571596206895987	0.000646858574851944
622	PD37590:28	12.0117083094876	12.8445708651292	3.93571947206378	3.38358861062626	12.8410083781716
623	PD37590:29	1.02207539303919	1.9779339926709	0.000209222494427541	0.00031342982801251	0.0160690025381317
624	PD37590:3	0.447722116837789	0.00057881789419049	1.25332360538605e-12	1.56461371046755	0.00368203969224154
625	PD37590:30	6.46406261572065	81.4582588226115	7.57392761053898	2.64183094214948	7.87856458515903
626	PD37590:31	1.01322489707538	1.75295900369491e-12	0.000271977000837726	0.000370907507029177	0.00273198812789553
627	PD37590:32	0.00136135278784746	0.00537224453843645	0.000507064154752969	0.000221992428050241	1.00913707001557
628	PD37590:33	0.00523972051659829	1.00718969650307	0.000332801414922256	0.000439942545289855	0.00339848601824133
629	PD37590:34	29.8194386547498	84.6938428801567	13.10864241094	1.48164539525392	44.9130649804646
630	PD37590:35	2.77630183331693	0.293647961099716	0.0415946790544432	3.93444562337536	0.970601122928203
631	PD37590:36	1.61949662114067	1.75295900369491e-12	1.38018404048921	1.00648050644823	4.01043548603499
632	PD37590:37	0.00358371432589396	5.00067364070035	0.000294372544471322	0.000355579422144364	0.0116959153979532
633	PD37590:38	0.000670579618094533	0.00315250209657434	0.000406597788181094	1.00787244653095	1.00449552839979
634	PD37590:39	23.7243482862397	20.2266325890348	4.44246683697856	8.70237272952086e-13	6.623158781048
635	PD37590:4	26.6493629655786	45.0865206243636	10.6285388822133	4.25113210717407	40.4010501063476
636	PD37590:40	1.0131101167397	1.75295900369491e-12	0.000239915111712447	0.000558193894082858	0.00269154361356538
637	PD37590:41	1.30753614438771	1.75295900369491e-12	9.83832599035023e-05	0.705802959758998	0.00316076690173048
638	PD37590:42	2.93838531873936	1.75295900369491e-12	2.54234093018012	1.24030576918541e-12	4.53587219352472
639	PD37590:43	0.000890255884134444	0.00648478978468591	0.000295356158258449	0.000226994063660754	1.0087023289382
640	PD37590:45	1.86170635847113	1.75295900369491e-12	0.00020870755455312	0.000253128043475003	3.15443051337153
641	PD37590:46	15.3931961250812	58.7771591108028	9.19837313054021	11.9378876403109	15.7099908897101
642	PD37590:47	10.3726684379236	0.494637787154168	0.0582251910253362	1.09106432814077	1.26020846094182e-12
643	PD37590:48	1.0765898653413e-12	1.36283197105204e-11	1.01473840076033	0.000785728214871168	2.00107545989109
644	PD37590:49	0.000890255884134444	0.00648478978468591	0.000295356158258449	0.000226994063660754	1.0087023289382
645	PD37590:5	8.5710510879706	93.6822969095786	1.25332360538605e-12	11.2005860558201	29.5626932953812
646	PD37590:50	28.1819530229335	37.9493373547559	6.929514990173	4.9558035595558	1.26020846094182e-12
647	PD37590:51	4.22602086963402	55.8802514312265	9.50501566028093	13.9798663947994	12.4254499500336
648	PD37590:52	20.8292770477349	48.7445250998124	3.84111866114522	12.2957782479381	4.30590179670714
649	PD37590:57	0.00525379478480695	0.000604664194995417	0.000106167532262506	1.00241702018033	0.00821629152133375
650	PD37590:58	0.00482508943869423	1.75295900369491e-12	0.00025641298321982	0.00175260856717021	1.00976560533382
651	PD37590:59	1.0765898653413e-12	7.9055379452236	1.9560891179649	1.00828623569944	0.146689968037486
652	PD37590:6	18.6325995687717	51.6055984929785	8.67088302897645	10.308730023625	17.7987931166443
653	PD37590:60	13.6624180853062	58.0274195105069	9.05364451954106	8.41708958862874	24.8560397826431
654	PD37590:61	0.000890255884134444	0.00648478978468591	0.000295356158258449	0.000226994063660754	1.0087023289382
655	PD37590:63	0.00294482761948223	12.5440561462084	0.000878548873049116	0.000280684535278054	8.46844554674269
656	PD37590:64	4.61323971592957	3.7383187807981	0.000975283746942425	0.000531000373107362	0.663536405542707
657	PD37590:65	14.0127817181713	1.75295900369491e-12	0.00120296340219818	0.000280279847433827	0.00233187310415142
658	PD37590:66	22.353598814764	36.9406644167891	2.92476284513517	1.45748208369239	28.3401002198295
659	PD37590:67	16.5903704891655	65.6898261503076	6.89512936128576	1.56766639978443	30.273635634714
660	PD37590:68	20.5371671702517	42.1449035156813	10.8975156231617	2.93868983907448	54.4983268574911
661	PD37590:7	5.24509410890935	18.5190870444037	2.88337408108529	2.59212326438512	29.7769191236372
662	PD37590:71	0.000530203826686464	3.19047811569317	0.000257578752893408	0.000222658191463595	0.825113273929279
663	PD37590:72	1.0765898653413e-12	7.22369588682614	4.26080814652071	4.82111264608926	7.71097655238561
664	PD37590:73	10.2987922795844	74.2082971587894	8.39767810339737	9.84326545680852	17.2685887645994
665	PD37590:77	0.00377687358168376	0.000323305448599262	0.000183716600288163	1.00836939697561	0.00394463472601908
666	PD37590:79	0.00588481263081572	1.75295900369491e-12	1.00612065589822	0.000809435775542857	0.0037852338822864
667	PD37590:8	10.1454610759919	42.2882665419885	0.000752100017142662	1.72793407244218	19.8542021737595
668	PD37590:80	27.6145161198512	65.6397749624774	10.8907630146132	4.09347179987905	38.7780926440116
669	PD37590:81	3.67765810668482	14.8588811674139	0.0177557335819829	1.46231075006247	1.26020846094182e-12
670	PD37590:82	28.1562654652595	70.9506095614447	12.4689328155219	10.7467108022521	62.69408315155
671	PD37590:83	11.3064398445186	83.4884698816917	11.646868653398	14.8878721176001	6.68697005007111
672	PD37590:84	1.0765898653413e-12	3.49824241856795	1.03468996379832	0.000124297188225085	0.483545590382753
673	PD37590:85	3.10331747460452e-05	2.92629546411029	7.22231713591684e-05	1.01090985677689	0.0792912131299725
674	PD37590:86	5.08171312846347	11.0423935284566	0.00166036382393346	1.157720599842	5.73311439624261
675	PD37590:87	7.39968999365858	49.217042002543	5.06256150078313	1.45547160084751	23.8818561199881
676	PD37590:88	31.7008467210953	75.2072007976832	9.70668025625036	1.68707186648689	39.714828666709
677	PD37590:89	1.0765898653413e-12	0.0347883761826485	2.38404390763626	1.29590714451569	4.30185708091159
678	PD37590:9	1.10044756162436	1.75295900369491e-12	0.000303325326950583	0.000238149146856139	1.91561018561521
679	PD37590:90	20.5558589817279	43.698692899916	14.4043784118816	8.55394182297957	40.8037246351106
680	PD37590:91	0.00219226291917936	0.00116652894670383	0.0003588963035289	0.000256391706792042	2.01262536376544
681	PD37590:92	30.9769124245803	96.7356817651266	2.60846447310103	5.6853348513316	0.0102506071824991
682	PD37590:93	5.43493110164907	47.1226680451943	9.11490669979629	6.34859444132583	4.99551576423308
683	PD37590:94	2.01311601784559	1.75295900369491e-12	0.000227160803018277	0.000360619052563382	0.00289574617998461
684	PD37590:96	10.7781341021447	59.5572206440049	17.9047878468483	12.3754116880827	39.401047946666
685	PD37590:98	21.5460097287509	64.6714846369014	15.5013625217633	5.46545597124087	41.8323034177689
686	PD37590:99	2.36106262666196	6.29015267314767	1.17261662062255	1.19204207057749	0.000727252452748329
