	sample_name_R	DBS_COL_A	DBS_COL_B	DBS_COL_C	DBS_COL_D	DBS_COL_E	DBS_COL_F
1	5FU.PATIENT1.N.CLONE1	0.00734703618903804	49.2081896181163	0.000262684632015204	2.52004056044584	4.27806751723259	0.00219015508128859
2	5FU.PATIENT1.N.CLONE2	2.96356691319643e-13	31.462131598491	6.77394467467399e-05	1.21154070257164	3.56772648470925e-13	8.34218538621507
3	5FU.PATIENT12.COLN.CLONE4	2.96356691319643e-13	43.6662361442156	0.000263415712911046	3.00642378336498	1.34230870273665	0.000806196106565818
4	5FU.PATIENT13.COLN.CLONE1	0.157590474768626	92.5195971301779	3.13816517504497e-13	1.80566315414092	16.7843634417737	5.74933380239235
5	5FU.PATIENT13.COLN.CLONE2	10.2731775273817	41.7092386688314	6.35274914024043e-05	3.20705215590831e-13	0.000424828309622474	5.03313377385848
6	5FU.PATIENT2.N.CLONE1	9.00369803912642	18.2667912619584	3.15661064519763e-07	8.00837285173238	20.7962066050591	10.9406017396992
7	5FU.PATIENT2.N.CLONE2	13.697725962395	51.5429228382871	2.26453395615008e-05	10.625518491197	15.1388527052238	0.0109679343965613
8	5FU.PATIENT2.N.CLONE3	0.396393411691863	38.5761434111953	0.00011847904018386	13.3891132500043	16.6540853970122	3.23916816732829e-13
9	5FU.PATIENT2.N.CLONE6	6.93592659158703	11.6225633257378	9.56384872988831e-05	4.85819869933981	13.573721288179	7.02514007277905
10	5FU.PATIENT3.N.CLONE2	6.84295669399566	1.4790371129289	1.21215053254598	1.83796140620385	5.88763518121581	7.75583865604173
11	5FU.PATIENT3.N.CLONE4	7.77794884400488	3.38763663372561e-13	0.000145383895452116	1.06784837800447	5.23256428413219	7.93706453755991
12	5FU.PATIENT4.N.CLONE1	2.96356691319643e-13	23.4176183493449	0.000213731397284687	6.79922134484652	5.29911843101552	0.499603957055559
13	5FU.PATIENT4.N.CLONE2	6.04829090911784	30.2391876234017	0.000199700839871999	4.62391650331927	5.10427053839268	3.23916816732829e-13
14	5FU.PATIENT5.N.CLONE2	2.96356691319643e-13	17.7062182405071	0.00023982694172074	7.49949157060463	2.80976221126787	3.23916816732829e-13
15	5FU.PATIENT5.N.CLONE3	0.757212469399524	15.909823361469	0.000336812451401653	2.34402327186294	3.56772648470925e-13	0.00435157486983761
16	EGAF00000827138	3.00581010592551	0.00037231861463519	0.000342438292837512	0.000278502541568462	2.00443684191436	1.00435320391989
17	EGAF00000827139	3.0064197640352	0.0631273779064183	0.000272376315392979	1.09100652183858	0.949194974450626	2.90556384227521
18	EGAF00000827140	2.27789468149606	0.000146977554118638	0.000250804137561585	1.15817073216695	3.00203263791578	3.57708468375604
19	EGAF00000827141	3.80900732492833	0.000347845609738343	0.000350034097604071	0.000262150919564599	2.20149365129626	1.00413128150977
20	EGAF00000827249	2.96356691319643e-13	1.3654842245868	0.000471523310250703	1.91784018446627	4.73164816283771	0.000143433978980757
21	EGAF00000860183	2.96356691319643e-13	2.94185105458649	0.000377091181975752	1.60129053812234	2.46010133676053	0.0119915737436136
22	EGAF00000860184	3.82377065162294	1.67342162065115	0.000314423461829277	1.90847092097018	1.80160196214059	1.80801246824201
23	EGAF00000860185	0.00185048170038883	3.38763663372561e-13	2.20882831281498	0.000305022723386406	4.84004066205016	2.96456659020657
24	EGAF00000860186	0.00194271354980621	3.38763663372561e-13	0.000352703560066321	3.01756332083119	5.02205392266841	0.973648650154361
25	EGAF00000860187	1.81696570531783	1.71768033810931	0.000345875759633319	2.87681076956239	1.80076358116727	1.80301865764917
26	EGAF00001014392	0.633524301871221	1.62070474022057	0.0003253702477996	0.824757051099735	1.99964538472314	1.93664803318552
27	EGAF00001014393	2.97554025319429	2.11944342256524	0.000322211121787056	2.9202852750619	3.56772648470925e-13	3.23916816732829e-13
28	EGAF00001014394	6.36389982854327	3.38763663372561e-13	0.00032602257261645	2.00856014607184	4.4578801918711	1.18489985198267
29	EGAF00001014395	1.42338538122485	3.38763663372561e-13	2.07979402940976	7.51190886674275	0.000229614736683482	0.000206746353361628
30	ste01166a	1.01029070344309	0.000924129887260536	0.000441168073715593	0.000812511749892288	0.000847966880278897	0.0022825412635123
31	ste01167f	2.00231711044138	8.90774368144032e-05	0.000369353409461087	1.00502699156201	2.00704009153283	0.000742022237067646
32	ste01205a	0.00294845038096503	1.00701599276227	0.000766311372336873	0.00196620058093777	0.00113036938230927	0.00178349501107603
33	ste01205f	0.00293748195785054	1.0070179421643	0.000767188567528248	0.00197111472585051	0.00113117116574781	0.00178592089000557
34	STE1207A	5.06066667563494	3.38763663372561e-13	0.000329633982171963	3.95401053142322	0.000285626716826758	0.000263663440389157
35	300:PD37509b8	1.00998178563741	0.00128933342534924	0.000457933654839949	0.000797089694544377	0.00082932009033291	0.00224356321886657
36	312:PD37510b11	0.00248958299211857	0.000851287333250264	0.000404759917583496	0.000849286859948472	0.000609794382668356	1.01039511240521
37	HLS:1	0.00270972636020959	0.00115025696776358	0.000456354539051225	0.00146637389515182	1.00741153060191	0.0024039906617911
38	HLS:10	1.01027051176875	0.000948785019451924	0.000439866904600896	0.000810957686515578	0.00084833450720045	0.00228056571126619
39	HLS:11	0.00178701599306788	0.000838985288616122	0.000408230501536219	1.00592439139593	1.00505907253226	0.00157064051993036
40	HLS:12	1.00636469795669	0.00191931350502036	0.000370934259441026	0.000731199533614188	0.000186852511375733	1.00602586771235
41	HLS:3	1.22606257638591	2.25020881084158e-05	0.00034889247342299	3.7879772049816	3.00067282630841	0.000472232941762721
42	HLS:4	0.00142679083999915	1.14597573196234	0.000455503019226429	0.000254086717623037	0.866482421626863	0.00101628674319184
43	HLS:5	0.00180866375955404	0.000620239854824634	0.000363139467159751	0.000613985324795554	0.000331018776126731	2.01186260578071
44	HLS:6	0.72570138909506	1.28793385849316	0.000533243881310391	0.000111165533617886	0.000487030386831908	0.000846476496649658
45	HLS:7	0.00382113908699308	4.08273163694043	0.000446803952011268	0.922822806883052	3.56772648470925e-13	1.00581230733067
46	HLS:8	0.002888384715277	0.00126841682754287	0.000445177567215759	1.00795646245503	0.000816261302946762	0.00221537312557689
47	HLS:9	1.88860042659972	1.31064991827982	0.000322034036684932	1.54090123127302	3.56772648470925e-13	1.27512326983454
48	O132:PD36813h	0.000957289700077678	0.000362601128943705	1.97782888555763	1.01173779945297	0.000258999018412625	1.02444432447735
49	O132:PD36813h3	2.96356691319643e-13	1.00468572781225	0.000346877023097371	3.20705215590831e-13	3.56772648470925e-13	2.01057786894648
50	O132:PD36813h5	1.98546449324174	0.000396605872768706	1.02304586405345	2.54708495385556e-05	1.00265370463923	1.00401003815796
51	O132:PD36813r12	4.00929788128065	3.38763663372561e-13	0.000316678521516793	0.000252644485852225	7.00192448646059	1.00379200440533
52	O132:PD36813r14	2.00540422699477	3.38763663372561e-13	0.000324255753440568	2.0037985916769	2.00342616201671	1.00262139801633
53	O132:PD36813u2	0.998166262754851	1.66661849250954	0.000275531516370233	3.20705215590831e-13	5.41556927188758	3.93497727433333
54	O162:PD36813g2	0.927927020117947	1.29569173480289	0.000336914478954983	0.97812084799182	1.92414249493051	0.88938088438974
55	O162:PD36813g4	2.96356691319643e-13	3.21245417390308	0.000327160297114588	2.15163162482291	5.81032177030635	0.840868354066555
56	O162:PD36813s12	3.77457359906741	1.52714997150298	0.000321000548608828	3.20705215590831e-13	3.70821317082688	1.00534838829101
57	O162:PD36813s7	0.00180866375955404	0.000620239854824634	0.000363139467159751	0.000613985324795554	0.000331018776126731	2.01186260578071
58	O162:PD36813v3	0.000879978537098879	0.000826508651320654	0.000328162670722404	5.00048829786469	2.00472049216734	0.00830378252792658
59	O162:PD36813v4	0.675063124011655	1.44702207898093	0.000436677799485829	1.0004548794219	1.01306270729867	0.879563678766655
60	O174:16	0.00295625066028884	0.000881392449028686	5.00740789167702	0.00163551460877523	0.000717611419374302	0.00200143694383492
61	O174:PD36814e5	1.00480756887167	0.000385323014904432	4.00254762764756	2.00478571665809	0.00019152992962173	1.00286142260075
62	O174:PD36814e6	0.000774036792033802	0.000380670247957767	78.026336890224	0.982757943166858	1.00534071598891	3.23916816732829e-13
63	O174:PD36814e7	1.00199972989614	3.38763663372561e-13	4.00898631587297	1.0047340198869	2.99984913059023	1.47723379909061e-05
64	O174:PD36814e8	0.00296440892219499	0.000566932213268149	41.0807686698238	2.00026917570208	2.93100687148388	3.23916816732829e-13
65	O174:PD37226d4	0.00374791059130236	0.000298274906551425	2.5269744778661	0.000710011357715615	2.48292874590174	0.000936284285937366
66	O174:PD37226d5	0.00101703189311291	0.000459904595663918	1.05234976394738	0.00044832546521661	1.00529847657062	0.956024597661416
67	O174:PD37226d6	2.01695650562423	0.000506434925584391	5.00302425019705	0.00590732015073835	1.00574493702261	1.98345655458632
68	O174:PD37265e	0.218411882725333	0.0783775083598016	18.7147774790856	3.20705215590831e-13	0.996015184160622	2.00801689824695
69	O174:PD37265e5	0.00281109574112008	3.38763663372561e-13	41.3537451874986	0.993114419316521	3.2551803489001	5.41073343611334
70	O176:PD36814f4	0.00165310039870233	0.000812653832043208	0.000381024926624348	2.00656820038507	0.000243620805892677	1.00592145966554
71	O176:PD36814f8	1.00231676015366	1.28487634738715	0.000430627853998849	3.20705215590831e-13	1.87165508463376	1.85633045301643
72	O176:PD37226e4	1.00692128651314	0.000769183438407979	0.000342051541298316	0.00036225053664653	1.00035546485656	2.00684669829486
73	O176:PD37226e5	1.0068568692181	0.000914181978545167	0.000403027016682361	1.00559385183917	0.000434569828019089	0.00138662373374625
74	O176:PD37265f	0.00154963494196643	0.00037776822247867	0.000389557716398485	2.00680822850117	1.00503386966032	0.00141940915154357
75	O176:PD37265f2	0.00152586795746144	0.00060893608329003	0.000380767912463387	0.000672962073806076	1.00524305127633	1.0071664821796
76	O176:PD37265f4	4.0116093164947	3.38763663372561e-13	0.000396858446369467	2.99571355447866	1.00646177489328	0.00138332700296873
77	O187:12	0.00222470441562517	0.000543433252474046	1.00427265306841	0.00104313789242476	1.00605117755058	0.0014631493133992
78	O187:PD36813e	0.00182314946595442	0.000477825540677767	0.000411231087758287	1.0063589246669	1.00490746819385	0.0016097293283945
79	O187:PD36813e5	0.337822402576546	2.91935590514064	0.0003271050222758	1.8222586333044	3.56772648470925e-13	1.93584877354505
80	O187:PD36813e6	2.96356691319643e-13	2.29741495001745	0.000437180753443893	0.751241155954456	3.96616014106465	0.000356972005275236
81	O187:PD36813t20	1.00733119792386	0.00059751380244182	0.000415662092530645	1.00537173451904	0.000462184303191929	0.00141082924035554
82	O187:PD36813x15	2.0056289671536	0.000307076429732455	0.000341087536095429	1.00424306013382	0.000250965294360709	1.00481683429672
83	O187:PD36813x16	0.000786661047467951	9.26635404340774e-05	1.00239168843522	3.00809316817554	0.000253240501300188	1.00395278381359
84	O189:PD36813ad17	0.00166482574401666	0.00105264623294283	0.000345829631736001	6.00653411673674	0.000184753321444403	0.00575864439656151
85	O189:PD36813ad2	2.96356691319643e-13	1.05829767801152	0.000488584459576845	0.984020442679051	1.97234531828238	0.00044622605279455
86	O189:PD36813ad6	0.00345781465579871	0.00100566879039036	1.00526679337294	0.00210767155857879	0.00126876358962244	0.00249329394656728
87	O189:PD36813ad8	0.00115847037349542	0.000229185613976819	0.000378337399148674	2.00631629352801	3.00654043567259	0.000952248838833748
88	O189:PD36813ad9	1.99878031730891	0.000732968528332465	0.000308021356933299	0.000371513325162811	0.000164402048623372	3.01524032736672
89	O189:PD36813d3	1.32060045658436	0.000250457640105971	0.00033185350513803	1.0037538285623	1.00303405578026	1.68761613565539
90	O189:PD36813d5	1.00998178563741	0.00128933342534924	0.000457933654839949	0.000797089694544377	0.00082932009033291	0.00224356321886657
91	O193:PD36814g4	0.280436876046565	0.000439145404202759	0.000443825862757189	1.00360115945923	1.72703804498073	1.00362759841911
92	O193:PD36814g7	0.00151162011367689	0.000338611926516096	0.000403994430851975	1.0064026426573	2.0056317095101	0.00129799788380855
93	O193:PD36814g8	1.32083888777306	3.38763663372561e-13	1.00146161650863	1.00444818161426	3.00116104990021	1.68767356934865
94	O193:PD37226f5	0.00148363874041452	0.000997917071547424	0.000398194404459163	0.000651696186097232	1.00485332966395	1.00721329652961
95	O193:PD37226f6	0.00190853144196542	0.000680016289205386	0.000379270365061571	1.00603854942044	0.000334325647379621	1.00624922483922
96	O193:PD37226f7	2.96356691319643e-13	1.18608766856	0.000340649880955708	3.20705215590831e-13	1.91974708964912	1.90943367898502
97	O193:PD37265g6	0.000965945353528158	1.11409015951042	0.000532788520274062	3.20705215590831e-13	1.89928667055937	0.000733110316678989
98	O193:PD37265g7	2.96356691319643e-13	3.89441721192759	0.000326184155516024	2.84142245423949	1.79693364766558	1.48251104038423
99	O193:PD37265g8	0.000594538305248955	0.000904828546245093	0.000313785715731537	0.000835909590725958	2.00853856759258	3.00440834269805
100	O208:PD36813ae	1.00548690340805	3.51003593365061e-06	0.000306626954183389	4.00477486895988	0.000241024853362839	2.00474628146668
101	O208:PD36813ae3	0.000719706147249462	8.4291963067763e-05	0.0002971582208502	1.00403826926158	1.00355680215734	3.00689160672854
102	O208:PD36813ae7	0.0200422309965305	0.00130038955673704	2.45262826851576	0.958416565358917	1.58289896446846	0.000301415717861861
103	O208:PD36813c	1.00673221199838	0.000534511928005209	13.0068158619218	0.000545024860277482	0.000207884927800836	0.000763811652160984
104	O208:PD36813c2	0.000675702769103974	0.000150160678644756	1.0023526396387	1.00417409815446	1.00342365694794	1.00481194138062
105	O208:PD36813c3	1.00568956768594	0.000436271844695969	2.18998026656739	2.03646284688758	1.00271086771862	1.78029712936992
106	O225:PD36814h2	2.96356691319643e-13	1.04031950116104	0.000343741488083758	1.96871088392424	3.56772648470925e-13	1.00621750235228
107	O225:PD36814h4	1.00171998976888	1.17542323342972	0.000342761953536722	1.00394114246354	1.93358355499618	0.900587574619205
108	O225:PD36814h6	0.00143334146393398	1.1466175185669	0.000455130486000538	0.000252287359104031	0.865837549604786	0.00101500147898743
109	O225:PD37226g5	3.00590082939324	0.000223815230258893	0.000357090571301337	0.000283391099453081	2.00604868401345	1.00277959661733
110	O225:PD37226g6	0.000586914143314261	3.42735063426668e-05	1.04685004968379	2.00537080853797	1.00116794011123	0.961568358306359
111	O225:PD37226g7	1.01029101075376	0.000926213645907193	0.000440049938409073	0.000811906121203116	0.00084778012406751	0.00228206074288876
112	O225:PD37265h5	1.00581365362336	0.000240700239499347	0.00036949682943169	2.00505146516994	1.00320169416241	0.000900504355796466
113	O225:PD37265h6	2.96356691319643e-13	1.06746944451122	0.000367992142467367	2.00658991497635	1.94089083684981	0.00027013773500555
114	O225:PD37265h8	0.00146976969904985	0.00080134669690266	0.000383502596921961	2.00450654552165	1.00579704017591	0.00262028928341333
115	O232:PD36814i	2.00562808739383	0.000240383062967557	0.000325844684644117	2.00458593587479	0.000239325946392546	1.00455855518924
116	O232:PD36814i3	1.00718557366331	0.000500789533039655	0.000405382080369015	0.000503047813405153	2.00559285149937	0.0014078722187136
117	O232:PD36814i4	2.01152570128558	0.000674053078393538	0.000412856413613047	0.000506198114493663	0.000570730119515696	0.00190851315213119
118	O232:PD37226h4	0.523172931004412	2.18515557345717	0.000370403332678878	3.20705215590831e-13	0.732272754972228	1.5746498101178
119	O232:PD37226h7	0.00196007185573247	0.000693611410003276	0.000423154491259535	0.00095094313586044	3.00993128609711	0.00163566480881989
120	O232:PD37226h8	0.00108045581605216	1.10142334075367e-08	0.00036591796882491	3.00638807146809	3.00685728591458	0.000873370943215941
121	O232:PD37265i2	2.00849230359309	0.000557890405193661	0.000387610624445103	1.00466797444271	0.000357840495454088	0.0011245391236194
122	O232:PD37265i7	0.00187635960006826	0.0009265897063428	0.000398233468383456	1.00551363157911	0.00030252803901011	1.00657258347014
123	O244:PD36814k2	0.000910723973654485	0.000252000741190051	0.000271057547779317	3.18667049487557	0.000230776139854268	3.82723288764407
124	O244:PD36814k6	2.00809986994026	0.000241637224484491	0.000366806874265997	2.00310525067183	1.00305931273199	0.00070368538314595
125	O244:PD36814k7	0.00161012693108537	0.000126944278078623	0.000351457257031458	3.00710032418806	0.000297224259824269	1.00608411573062
126	O244:PD36814k8	1.00699751080894	0.000744912489001581	0.000374099742745496	0.000470055054177577	0.000312170545588818	1.00670010581715
127	O244:PD37265k	0.675879259049035	1.29333335954508	1.04577189994899	3.20705215590831e-13	3.56772648470925e-13	0.00062877646113668
128	O244:PD37265k2	0.0309413444369551	0.00088191521280523	0.000436953893549465	0.980458508418578	0.000809007020066552	0.00206258669331569
129	O244:PD37265k3	1.00562476879329	0.000391085886073389	0.000363895415598431	0.000414185046580434	1.00324576364065	1.00555739989122
130	O251:PD36813ac15	0.692751430274269	1.37063199677474	0.000381531335170831	1.95150406918665	3.56772648470925e-13	0.000325829390999548
131	O251:PD36813ac16	1.01001978527479	0.00126799466496125	0.00043650725289503	0.000798113878387182	0.000830406738907698	0.00224621763189564
132	O251:PD36813ac18	0.00101590034488554	0.000166364701244303	0.000375590791674927	1.00443851119052	2.0060094971218	1.00358055764742
133	O251:PD36813ac2	0.00178701599306788	0.000838985288616122	0.000408230501536219	1.00592439139593	1.00505907253226	0.00157064051993036
134	O251:PD36813ac4	2.96356691319643e-13	1.06726903244514	1.00229003396608	2.94587195108883	3.56772648470925e-13	0.00015146651293482
135	O251:PD36813ac7	0.00149356086660971	0.000420587140658877	0.000344330928833903	1.00515678580174	0.000273956497157938	2.00790053123466
136	O251:PD36813b4	1.32200028388005	6.61887795797594e-06	0.000318023376415372	2.00109847302325	1.0033903684397	1.68876318683494
137	O251:PD36813b5	1.00352948981776	0.000369509560496071	0.000288930411610331	0.00035505932175417	0.000205325511110353	4.0108500247996
138	O251:PD36813b6	0.00125422058015569	0.000594848405118762	0.000374204493852994	0.00060587737337131	2.0061898423284	1.00657732459988
139	O311:7	0.00242023766609721	0.000854310066431689	14.009041027174	0.00136957907182669	0.000446965235474232	0.00146817762834972
140	O311:PD37512a11	0.999760508932294	0.000261105202712962	0.00033681271888272	0.000345352659551326	4.01054736198377	2.00434053116215
141	O311:PD37512a4	1.16270079994904	0.00024328170472372	0.000262225190428933	2.12988805331905	0.000205454778054697	3.7222774326234
142	O311:PD37512a5	0.0011381364411162	0.000145180417656636	0.000307448800615856	2.00556550853592	0.000260195366500901	3.00816324992341
143	O311:PD37512b	0.00345788089986153	0.00100565389590103	1.00526653442949	0.00210775810440462	0.00126877780379662	0.00249340077931262
144	O311:PD37512b7	0.000493165576692708	0.000917398232490752	7.00509859261753	0.000264641442487885	0.00016314636616901	2.00866286975127
145	O325:PD37513a13	2.96356691319643e-13	1.25669382260706	0.000363782528503767	1.90639514088676	2.85165528734639	0.000481724992110551
146	O325:PD37513a2	0.000926130610969237	0.000274723875877715	0.000340233702417439	0.000531954626383039	2.00444947454082	2.0090736289851
147	O325:PD37513a20	2.00593131382259	0.000366721404530473	0.000308596746753055	0.000310532914574435	0.000209397227893697	3.0084709786307
148	O325:PD37513a21	0.622192083516877	1.6721211761278	0.000373820644008707	0.818915297053022	5.90176047633163	0.000236157801718987
149	O325:PD37513a3	1.01332209464719	0.000812938522959113	0.00038392563965435	1.99956398981199	0.000304769571857808	0.00119160308854036
150	O325:PD37513b5	0.00270972636020959	0.00115025696776358	0.000456354539051225	0.00146637389515182	1.00741153060191	0.0024039906617911
151	O325:PD37513b7	1.00537773239335	0.000689652175334476	0.00036950764676259	1.00455910311719	0.000230031170253405	1.00436293451689
152	O325:PD37513b8	0.002888384715277	0.00126841682754287	0.000445177567215759	1.00795646245503	0.000816261302946762	0.00221537312557689
153	O333:PD36814l2	0.000816782915546598	0.0009833378971067	0.000351041043787788	0.000599262452474979	2.00118805569141	2.01165767867518
154	O333:PD36814l4	2.00810000943625	9.05200473079731e-05	0.000370782366333432	2.0084114552394	0.997886104138326	0.000717646725297457
155	O333:PD36814l7	1.92280757066786	3.38763663372561e-13	0.000320016366377765	2.25805601595119	5.07225042889985	1.76213267947304
156	O333:PD36814l8	0.000984683495238064	0.000375142837336966	0.00037266238522399	1.00486615983572	2.0032930662915	1.00569470940449
157	O333:PD37226i5	0.00152586795746144	0.00060893608329003	0.000380767912463387	0.000672962073806076	1.00524305127633	1.0071664821796
158	O333:PD37226i6	0.419824422847286	2.58942390956044	0.000524556057242193	0.000462457300908326	0.000641166303984933	0.00475095876669866
159	O333:PD37226i7	0.964024178228994	0.00037942967915403	1.04561217241132	1.00225409513743	1.00294335331136	0.000374233082754949
160	O333:PD37226i8	0.000822501917717057	0.000106716605555512	0.000331775832689937	2.00501577949789	1.00411173142072	2.00518963602757
161	O333:PD37265l2	4.84839485137283	0.000428209982461668	0.000371812583102322	0.00027701308171193	2.16523466536921	0.000884965344744188
162	O333:PD37265l6	0.00196125440874792	0.000682997292144845	0.000425430159871874	0.000951187574040804	3.00993450384987	0.00163935839003895
163	O337:33	0.00224298770224627	0.00360410792961316	0.000428589993651784	0.000734962049442659	0.000347437509016207	1.00824177054491
164	O337:PD36814m5	3.89661485157141	3.38763663372561e-13	0.00030865079262933	3.00426417704334	1.11160470957634	1.00277211369687
165	O337:PD36814m8	1.94592408071747	0.0731372202085065	1.02586388090402	5.63193271852741	0.944404888641239	3.39427840052914
166	O337:PD37226j4	1.00961977655593	0.000454256954597855	1.10181679356297	0.000119268654811271	1.00393880239063	0.899648241180693
167	O337:PD37226j5	2.0004499039535	0.00141264365381461	1.00136479733121	1.35403371633558	1.00367480119021	1.65464685354104
168	O337:PD37226j6	4.06008016292286	2.99224238661077	0.000272430815446843	1.13492489113065	3.56772648470925e-13	2.82809674709861
169	O337:PD37226j7	6.80381627097238	2.17909431552666	1.11154165591385	3.20705215590831e-13	3.56772648470925e-13	1.92116432580054
170	O337:PD37226j8	7.7404939048219	2.51652402524969	0.000345636018440008	0.758223027495062	3.56772648470925e-13	2.55343389816003e-05
171	O337:PD37226o4	4.91618721992897	5.58763859327801	2.97638482415876	2.10414148642329	0.995330548678011	6.43594921840766
172	O337:PD37226o5	3.2986915770009	3.50516633172078	2.14200620621547	2.99706200636578	1.1906249687673	2.88205139379688
173	O337:PD37226p7	5.64961847382947	1.93934862510487	0.000141851680664824	1.06064736203755	4.86690661420752	7.49893223211924
174	O337:PD37265m3	2.72991867453787	1.45931868002661	2.25026669801276	2.3694447662426	2.8274640247581	3.37917140001567
175	O337:PD37265m4	2.48548641733584	1.91010936557452	0.000299377237274996	1.0429734931978	2.09720735031373	2.47952778565756
176	O340:PD37226k2	2.47216761735651	0.000414220993168995	0.000404978704085671	3.00579476982587	0.000241501629027283	2.53654446398118
177	O340:PD37226k5	4.01774046289859	0.000258188703197466	0.000310190628119804	1.6960187807392	1.00282269276251	1.29842710419695
178	O340:PD37226k6	4.99044615895997	0.00015590208397243	1.02083594678572	0.000108363596270407	3.00347279021658	0.000570773424933227
179	O340:PD37226k8	2.96356691319643e-13	1.18465482145239	0.000365997687308625	0.873904720416319	3.56772648470925e-13	1.95667826942986
180	O340:PD37457e6	0.00223968053790047	0.000917622395689568	0.000437749441477663	0.0011083101299061	2.00898674393605	0.00190637647396119
181	O340:PD37457f4	0.000560194910527306	0.000557646289892729	0.000336352631154015	1.0036629810871	5.00785096561253	2.00261287209615
182	O340:PD37457f7	0.632904460716755	1.62864335947944	0.000421363783133616	0.823217581416123	1.93081702573336	0.999601472701236
183	O342:PD37514a	0.657364145028089	1.51788189682277	0.00036293486753268	0.835758909275238	3.56772648470925e-13	1.004239413868
184	O342:PD37514a2	0.00197790230222714	0.000426458713473895	1.00424111282855	1.00738060938341	0.000441375318645781	0.001122637600594
185	O342:PD37514a3	0.00128053296970079	0.000378720874265403	0.000375355735551153	0.000618277241198337	2.00545935421631	1.00748407539066
186	O342:PD37514b3	0.0147401285025384	0.00110602011704416	0.000500210056880224	0.00086746114905712	2.99688594967417	0.00149497802238668
187	O342:PD37514b7	0.00246545608114595	0.000902587674981592	0.000422145946448123	2.00928860508225	0.000509050385977651	0.00199236007979189
188	O342:PD37514b8	1.00699255679104	0.000939364928794122	0.000392271126569451	0.000463498212132288	0.000291116234407652	1.00652004939615
189	O395:PD37226l5	1.97857101438214	0.000238875474988731	1.02708458705078	0.000804431867677901	1.00057599144183	1.00832127688235
190	O395:PD37226l6	1.00693594057338	0.00123925389426826	0.00039169530928401	0.000452869373542432	0.000258629864055004	1.00632047115456
191	O395:PD37226l7	1.99435491820369	0.000745833475463771	0.0004559329959386	0.000458682027263222	0.000830871967240609	0.0187518280253703
192	O395:PD37226l8	1.00567747582145	0.000767972839766269	0.000395842438554005	0.000371047871847115	2.00316820415833	1.00521481125126
193	O395:PD37457b4	0.002888384715277	0.00126841682754287	0.000445177567215759	1.00795646245503	0.000816261302946762	0.00221537312557689
194	O395:PD37457b5	0.00272867925716563	0.000921254924922898	0.000458051887932296	0.00148131463250656	1.00757580048903	0.00243312891046251
195	O395:PD37457g5	3.00607698326658	0.000852742725238372	0.000389187959046221	1.00315171394544	1.00355597062521	0.00155885722101407
196	O401:PD37226m5	0.00116887526113021	0.000438677500371861	0.000400413713330994	1.00444026144957	1.0050063960024	1.00413355121749
197	O401:PD37226m7	1.78109904232868	0.000232911802752544	0.000350251542363508	2.78344933268541	1.22734250515425	1.223094447033
198	O401:PD37226m8	0.00224664860215597	0.000817287156407331	0.000435604133088813	0.00111663538726399	2.00906324469426	0.00191706163688675
199	O401:PD37457c4	0.99161184457364	0.000189328136867759	0.000381846870740844	1.01649522689546	2.00600811876265	0.000899150405377639
200	O401:PD37457h2	0.00244609221664387	0.00128168545684947	0.000423499340668646	0.000828988401161819	0.000559890320054687	1.01005967317755
201	O401:PD37457h5	0.700463063349997	1.33403142751304	0.000408011420490055	1.98435533848582	1.996202917145	0.00012988254259367
202	O438:PD37457i4	1.81131613004257	1.86956355931962	0.00038724831752011	3.20705215590831e-13	3.68898085814986	1.6453638474702
203	O438:PD37457i5	0.865830933017983	2.44823222834967	0.000403020359805567	3.20705215590831e-13	0.700596616202909	0.000561501503920685
204	O438:PD37457j7	0.00102705264511233	0.000129345554272717	0.000355057795102596	1.00444868560664	2.01356578149742	0.996060486264344
205	O438:PD37457j8	0.000836755567659123	9.96517671439931e-05	0.000334918520623732	2.01033919525159	2.99566922298046	1.00829503270972
206	OO10:PD36814d5	3.00893602334853	0.000442624762457903	0.000349220472330697	0.000309577013506598	0.000250297186257671	1.00530917084586
207	OO10:PD36814d6	0.00103051925064389	0.000100680920192547	0.00035498127636615	0.991747772995913	2.01070858824231	1.01164399385066
208	OO10:PD36814d7	1.00335862849927	0.000128433583959534	0.000336552749125311	2.00627847078965	0.000267459597584377	1.00520953989702
209	OO10:PD36814d8	1.00271924396069	0.000194143476780311	0.000343543519205724	1.00422312191473	1.00346164690227	1.00464550717605
210	OO10:PD37226c5	2.96356691319643e-13	1.15930072121181	0.000375830207533483	1.99466206242885	0.860794797422934	0.000457910337396058
211	OO10:PD37226c6	0.0014887052978899	0.000582195936584681	0.000401207450834162	1.0055371324479	2.00630689039326	0.00127045499414656
212	OO10:PD37226c7	0.000728103260333814	0.00077128786971014	0.000311919791771167	0.000543444382063962	1.00411919961349	3.00912377468545
213	OO10:PD37226c8	2.0083641005584	0.000461068251154785	0.000394998809455499	0.000412529494982145	1.00453939873407	0.00142420223022786
214	OO10:PD37265d	0.000130619988886811	2.33916304192999	0.00039195163427498	0.959839994728991	0.715437445868995	0.000651424610525112
215	OO10:PD37265d5	0.00106032890074992	0.000106877802159124	0.000343103343376335	2.00539348312107	1.00405226570448	1.00462225033396
216	OO10:PD37265d8	0.000568860270068841	3.38763663372561e-13	0.000267321519669902	2.00345860967981	1.00006300883781	4.01122001817533
217	OO13:PD36719a_lo005	1.00550581135045	0.000880351588869632	0.000355576081138439	1.00326582153888	0.00016159371239478	2.0054196497075
218	OO13:PD36719a_lo008	1.01228153347119	0.994636247689614	4.008432736979	3.20705215590831e-13	3.56772648470925e-13	0.000259298916284561
219	OO13:PD36719a_lo018	2.00356338044101	0.000158471217351968	10.0082591229299	1.00220417041396	1.00314896922336	0.99825236179526
220	OO13:PD36719a_lo022	1.00468660094821	8.2072589389455e-05	13.016413162071	3.20705215590831e-13	0.995744916157124	1.99867047415121
221	OO13:PD36719a_lo034	2.96356691319643e-13	3.38763663372561e-13	48.2323614810265	1.77665944846794	2.00595910432795	0.000599997875154309
222	OO13:PD36719a_lo048	3.29171123035279	0.00101506529344823	38.7219319738294	3.20705215590831e-13	0.000104520858017196	0.000834872930334683
223	OO13:PD36719a_lo049	9.78191321722771e-05	3.38763663372561e-13	1.00213370439738	0.000351536366546932	3.00426871204835	4.00874230394282
224	OO13:PD36719a_lo066	0.00041184081409352	0.00705105634451238	19.0020332119707	3.20705215590831e-13	3.56772648470925e-13	1.00610420675159
225	OO13:PD36719a_lo072	2.28506626254929	0.000307237647460822	10.6179870849255	1.0050784614546	2.10714538380298	3.23916816732829e-13
226	OO23:PD36813m3	1.00224968462596	2.40469807150469	0.000314396866013014	0.955284464768268	0.704779749640036	1.94828757541562
227	OO23:PD36813m5	2.00486779446249	3.23663701732936e-11	0.000323766326551684	3.00510961154483	0.000257026483247452	1.00501007152069
228	OO23:PD36813m8	4.01235278861028	0.000683635665924792	0.000383863261514947	0.000327697751241877	0.000359364679334983	0.00148876607414665
229	OO23:PD36813n	2.54677258918661	2.66333474505595	0.000433201309124902	3.20705215590831e-13	2.80315954830307	0.00192122593489987
230	OO35:PD36813l	1.00769386625341	0.000693706544154236	0.000402765926175821	3.00545648182871	0.00025301964575174	0.00106957263552885
231	OO35:PD36813l7	0.000832267718744372	0.000622536197231341	0.000341261064066793	2.00586375434144	2.00391031481031	1.0040064276475
232	OO35:PD36813l8	0.00139734632385322	0.000148892491326251	0.000273283613287201	1.07355548092936	0.993870491005614	3.94634151076661
233	OO39:PD36813y13	0.739729899606969	4.15156035381971	0.000402726415638055	1.07323330648258	0.702846657994314	1.34785900791357
234	OO39:PD36813y15	2.00591634765047	0.000597758028077913	0.000349179230690088	1.00430821860178	0.000216381228213041	1.00420010848128
235	OO39:PD36813y2	0.00224298770224627	0.00360410792961316	0.000428589993651784	0.000734962049442659	0.000347437509016207	1.00824177054491
236	OO39:PD36813y6	0.00249970221263642	0.000788341476252053	0.000424421916912437	2.00933333503198	0.00052452864297677	0.00200987423558231
237	OO39:PD36813y7	0.00067908321864067	3.38763663372561e-13	0.000284740411072363	2.01265667132942	1.00022369859897	3.00173370717459
238	OO82:PD36813k	3.00546844158353	0.000591200323645216	0.000302240435139259	1.13930977966476	1.00294381099177	1.86696831959119
239	OO82:PD36813k3	2.87014011901211	1.4535717503305	0.000307509048232885	3.20850571378248	3.56772648470925e-13	1.48305590659952
240	OO82:PD36813k5	2.00854925039691	0.000159116022278658	0.000357475592138483	2.0007316195417	1.00506401619082	0.000715103641234622
241	OO82:PD36813o2	1.00682514166577	0.000931998683781518	0.000422983669869174	1.00559112312157	0.000433057612483759	0.00138481911365913
242	OO82:PD36813o9	2.96356691319643e-13	1.16141525760743	0.000356997937590722	2.98717385102465	1.86121945563671	1.00541407913906
243	OO82:PD36813z15	0.0024935950573293	0.000735258601502275	0.000424717021753769	2.00896395668759	0.000949502587040786	0.00201317589171233
244	OO82:PD36813z4	2.48884948739814	0.000355541858866382	0.000312965380889097	1.0040098249331	0.000202359353622818	2.5218570862705
245	OO82:PD36813z5	1.31740034432856	0.000127660895768021	0.000315187155064488	1.00367793867241	2.0057673695445	1.68829653583975
246	OO82:PD36813z6	0.00086201012574596	3.38763663372561e-13	0.000324499570962214	2.99729190917221	2.01101437705457	1.00607397615542
247	OO82:PD36813z7	0.00130826239186066	0.000196280758653127	0.000388302567141915	2.00259718070422	2.0099398897045	0.00114683439212665
248	OO82:PD36813z8	2.01229804719847	0.000809257229505846	0.000385884548427986	1.00065162645222	0.00033443294741794	0.00110894895158006
249	OO94:PD36813aa	2.00719780097776	0.00168860624803329	0.000358531098425939	0.000553576308076809	0.000138397917093998	1.00566098272348
250	OO94:PD36813aa11	0.00178840864907218	0.000784952933714977	0.000372392667585731	0.00060779319933844	0.000310615069469129	2.01173549235604
251	OO94:PD36813aa12	0.00153592401326692	0.000607424269345449	0.000424164365584445	0.000673016293414102	1.00605139386241	1.00630614338727
252	OO94:PD36813aa16	0.957281571200565	8.53518021807129e-05	0.000383145052390026	1.00934479152652	2.04757738694733	0.000913299017046273
253	OO94:PD36813aa2	0.00247252107758015	0.000874600847710032	0.000486937981840818	2.0092296898195	0.000512505310702399	0.00200395047901665
254	OO94:PD36813aa7	3.02085851370437	0.00049554029435334	0.000405887487941171	0.000308136944967951	0.000244791940716925	0.993284034364957
255	OO94:PD36813j	0.0012059434500734	0.000359594903875198	0.000260904144876889	2.10812878309105	0.000209964496729312	4.90541319533406
256	OO94:PD36813j3	0.00210239607026127	0.00173497392858728	0.000347878721883591	1.13994053043301	4.00862373900239	1.8628319342485
257	OO94:PD36813j6	0.00172423188391562	0.00127303223967341	0.000361098242178018	0.000725847093093665	0.000248015120682799	2.0112674346399
258	OO94:PD36813p	2.00277355445782	0.000767276591336456	0.000316672079327526	0.000336824717661559	4.00626635021751	2.00513003575086
259	OO99:PD36813ab10	1.99846165362377	0.000274564801762283	0.000324663609996446	0.000341044961523389	1.00755076977537	3.00864308812972
260	OO99:PD36813ab4	1.00534803429493	0.00283531742855594	0.000337761934416317	1.00299746316074	3.56772648470925e-13	2.00407025152376
261	OO99:PD36813ab5	2.96356691319643e-13	1.67391586018505	0.000336359076312936	0.818536536060085	0.796004214174808	2.72681512935691
262	OO99:PD36813i	0.00290569475922845	0.00106393699537262	0.000448706689743671	1.00810432090402	0.000837200819899456	0.00223021211043685
263	OO99:PD36813i4	1.00706510467508	0.000488261409391653	0.000388300295982977	2.00608581883782	0.000337765774998503	0.00121400852263303
264	OO99:PD36813i6	0.00156055797916986	1.8005113323744e-05	0.000320136545857071	2.00777539173738	0.998828988955602	2.00707504102064
265	OO99:PD36813q11	0.00272867925716563	0.000921254924922898	0.000458051887932296	0.00148131463250656	1.00757580048903	0.00243312891046251
266	OO99:PD36813q14	0.000929908228650183	3.38763663372561e-13	0.00034297483017304	2.00477835695164	2.00418492370431	1.00534040125306
267	OOO7:6	0.000678983059632444	1.10164460314246	0.000396655021783602	3.20705215590831e-13	3.56772648470925e-13	0.912891464417689
268	OOO7:PD36814b2	0.00148650418494104	0.00056321871684194	0.000401453025447853	1.00569670952485	2.00616673078373	0.00127196875487667
269	OOO7:PD36814b7	2.96356691319643e-13	1.00429239695142	1.00233790685656	3.20705215590831e-13	3.56772648470925e-13	2.0089801877929
270	OOO7:PD37265b	0.015311491135077	1.58484321870477	10.6088188623595	0.806213791318726	3.56772648470925e-13	0.000421973504189355
271	OOO7:PD37265b7	1.00064298800378	3.38763663372561e-13	5.97643896533317	3.01229887939913	2.01284982810407	3.01333477689297
272	OOO8:PD36814c2	1.00429055497955	0.0009835047224769	0.000301664714360741	2.25527167459795	1.00245512779303	1.75227223188855
273	OOO8:PD36814c3	0.00141258799708604	3.38763663372561e-13	0.000338604611354125	4.81949117365565	0.000279161309553494	1.19403077116832
274	OOO8:PD36814c4	0.00129841506759875	3.38763663372561e-13	0.000357041577720667	4.02050693630487	0.991825911074594	0.00157033910015588
275	OOO8:PD36814c6	0.00104388127918238	0.000602602980392516	1.046695711095	1.00439515831442	0.000247888855365964	0.962604722064935
276	OOO8:PD37226b5	2.00718786949683	0.000305216696286571	0.000316034540883792	1.00346603976164	1.00514297883626	1.99916792948006
277	OOO8:PD37226b6	2.91801260004706	0.000652750410038654	0.000388556370525847	1.09426483513877	0.000291930505400376	0.00197572310287599
278	OOO8:PD37226b7	0.000622058523434061	1.05577227835153	0.000416895659132169	3.20705215590831e-13	3.56772648470925e-13	0.958799971309517
279	OOO8:PD37265c2	0.00191743335441114	0.000608682068281401	0.000402544353481793	1.00555889972925	0.000344144487221208	1.00675821785659
280	OOO8:PD37265c3	1.0076538071576	0.000587742758864534	0.000369691297366685	1.00111833224985	0.000242068500616886	1.00561734942425
281	OOO8:PD37265c5	2.00690470974287	3.38763663372561e-13	0.000313257601432988	2.77497894841528	0.995500008741023	1.23787183118372
282	PD28690:1	2.96356691319643e-13	4.94077172658086	0.000324665187803661	2.81499725205755	0.391914003791135	0.867616981584964
283	PD28690:10	1.56353756359406	1.9538909554562	0.000309607022683924	2.90865340564096	2.76053724183645	0.828657118044281
284	PD28690:14	1.00998178563741	0.00128933342534924	0.000457933654839949	0.000797089694544377	0.00082932009033291	0.00224356321886657
285	PD28690:15	1.0103580642944	0.000838679088907645	0.000441295125284934	0.000816303622474396	0.000852531526232451	0.0022921466080179
286	PD28690:2	2.96356691319643e-13	4.13675544542064	0.000367326602587673	0.840866517393175	3.56772648470925e-13	1.03764679241592
287	PD28690:3	1.82784688149067	8.49276328847502	0.000333626712066045	4.62924279044683	0.0632388565276961	0.00221850871148826
288	PD28690:4	2.96356691319643e-13	1.07179263632027	0.000386455604546744	0.987010997554403	3.56772648470925e-13	0.956411561232295
289	PD28690:5	2.96356691319643e-13	3.4284594785955	0.000325364801739265	3.20705215590831e-13	1.58222577089278	2.00462319358419
290	PD28690:6	0.00087150111685812	1.24677741516712	0.000425454595654413	2.61300526146585e-05	3.56772648470925e-13	0.767512792074068
291	PD28690:9	1.66961099905991	1.34409700762561	1.02306111773177	0.975962429099073	3.56772648470925e-13	1.00287153508427
292	PD34199:1	2.96356691319643e-13	1.27294665116356	0.00040565023819406	3.20705215590831e-13	3.56772648470925e-13	2.74226093553694
293	PD34199:10	2.00245342976053	0.000496295410334501	0.000421616017168845	1.00367817173114	1.00768689745656	0.00085000156027664
294	PD34199:11	1.00775944472093	0.00063399237166045	0.000411994195887199	0.000585702545609405	1.00454627108274	0.00165986266238694
295	PD34199:13	0.00249395539272675	0.000850028714293898	0.00040477240364555	0.000857349806367992	0.000614202845312538	1.01037951462616
296	PD34199:14	3.94779657500094	1.16489775557935	0.000334274509060273	1.90256136443641	3.56772648470925e-13	8.42635797406764e-10
297	PD34199:15	1.45318813733363	0.000372103823881052	0.000388654256988652	1.5601131677342	0.000356543503019604	0.00116461428888891
298	PD34199:17	0.000561139845690836	1.90583396492048e-05	0.000277413835950105	0.000475856758754082	3.0056831022067	4.00857747920887
299	PD34199:18	0.0187308537816872	2.07727830301087e-06	0.000322803512140019	0.963002891876443	1.00296978762541	2.03055997507693
300	PD34199:19	3.72094214503874	0.000368811074985608	0.000385674762135859	1.29125892556907	0.000349247317912562	0.00227886940449311
301	PD34199:2	1.99803223204326	0.000521050738670448	0.000394232715141967	0.000412490065758856	1.01482057960244	0.00141570558943474
302	PD34199:20	0.948158835973286	1.06572086396056	0.000547489838008491	2.15577905112402e-05	0.000399742661459282	0.000762066307149537
303	PD34199:21	0.00290569475922845	0.00106393699537262	0.000448706689743671	1.00810432090402	0.000837200819899456	0.00223021211043685
304	PD34199:23	0.00193219256689372	0.000552971328491926	0.000379928804963028	1.00556883573541	0.000354196265856759	1.00680179640994
305	PD34199:24	0.962705125877678	0.000436342300946824	1.04657408132538	1.00502576831511	0.000285414503340686	0.000562457662416402
306	PD34199:25	0.00142318636082637	0.000205508119590211	0.000372373091540597	3.00552311947221	1.00673750030045	0.00130693415995701
307	PD34199:26	2.96356691319643e-13	1.06782542675574	0.000381076673961382	2.94640209794292	3.56772648470925e-13	0.000973861487368254
308	PD34199:27	0.0186242421907062	4.75819549641473	0.000423807091843495	0.480013412866984	1.75792266216157	0.000463794657292581
309	PD34199:28	0.000538797993025937	3.38763663372561e-13	0.000284544547583262	0.000471051260709227	4.01510482062761	3.99919307184369
310	PD34199:29	0.00301572942859002	3.38763663372561e-13	0.00024146283064767	6.1488164496279	0.998456701135113	2.86500682155497
311	PD34199:3	0.00153612672469393	0.000473287198000537	0.000389002423094528	2.00705138797201	1.00472242211152	0.00140624095692065
312	PD34199:31	0.00104330961851666	1.02602135208201	0.000554057430416974	0.986892849484203	7.11850359783792e-05	0.00101856820382143
313	PD34199:4	1.00370946452599	0.0084779963978292	0.000351340579808712	1.35386851953232	3.56772648470925e-13	0.649178344512991
314	PD34199:49	0.00224298770224627	0.00360410792961316	0.000428589993651784	0.000734962049442659	0.000347437509016207	1.00824177054491
315	PD34199:5	0.962098063648767	0.00010734659583975	1.05310002515222	2.9998832857048	0.000257892875600345	0.000122914674717609
316	PD34199:7	0.991026727229345	0.000305995642766367	0.000373342821039187	1.01625540219242	0.00027640503117182	1.0073509820181
317	PD34199:8	1.00697368536535	0.000708494485941737	0.000397177716076948	0.000448267050688321	3.00584312373215	0.00122302211376704
318	PD34199:9	0.001289020720328	0.000314036199903082	0.000376005223243259	0.000622192739794496	2.0055754389293	1.00741962167981
319	PD34200:1	0.00197106687236033	0.000525127348328833	1.00396327002477	1.00758183978371	0.000427558801380646	0.00112123242078415
320	PD34200:10	2.96356691319643e-13	1.53285380318072	0.00032669671907731	1.080012653944	0.8138479115892	1.58856310182057
321	PD34200:11	0.00133915664558763	0.000813431453172053	0.000338300028386721	0.000514774146345465	0.000225732559827972	3.01236809008676
322	PD34200:12	0.002888384715277	0.00126841682754287	0.000445177567215759	1.00795646245503	0.000816261302946762	0.00221537312557689
323	PD34200:13	0.00159219126734617	0.00338910078074444	0.000402222351431722	1.0053773120394	7.99681785588294e-06	1.0048211315582
324	PD34200:14	2.39096297671736	0.000251146619340007	0.000291275894009531	0.000294012282818217	0.000213490113368694	3.62358415942176
325	PD34200:17	2.96356691319643e-13	1.30153974424418	0.000335816282323893	1.08938945304727	3.56772648470925e-13	1.62433798759771
326	PD34200:18	0.000585567249785999	5.544341248651e-05	1.05186809066417	2.00493686611686	1.0042620937744	0.953870283595985
327	PD34200:19	1.01035429437012	0.000838487851173313	0.000441229449312622	0.000817410619674425	0.000854427720463934	0.00229317024176503
328	PD34200:20	1.00478311627881	0.000354718818061761	0.000393701048936029	2.00847065526161	0.000352605842296978	0.00122443950956493
329	PD34200:21	0.00246545608114595	0.000902587674981592	0.000422145946448123	2.00928860508225	0.000509050385977651	0.00199236007979189
330	PD34200:22	0.000915369279656911	0.000347282765751867	0.000340126602167938	0.000528725631288706	2.00927211476925	2.00419252052049
331	PD34200:23	0.00190853144196542	0.000680016289205386	0.000379270365061571	1.00603854942044	0.000334325647379621	1.00624922483922
332	PD34200:24	2.96356691319643e-13	1.08556480530728	0.000343048026175659	3.20705215590831e-13	1.945582087569	1.98411800569538
333	PD34200:25	0.000561666152466506	0.000808985778112877	1.02830112698718	1.14403166517827	0.000176977245520982	1.84170801869055
334	PD34200:26	0.0013734677175089	0.00135180318451908	0.000355576102820895	1.14216517321316	0.000156373390815229	1.87018604267874
335	PD34200:27	0.00110392254906097	3.38763663372561e-13	0.000354803781315229	4.00775455814469	2.00538517334498	0.000958538634791143
336	PD34200:28	1.01035631520372	0.000838740781621347	0.000441207962526589	0.000816976411007116	0.00085348020082643	0.00229229969965546
337	PD34200:3	0.00225512387216899	0.000718275967179493	0.000437413620996208	0.00112497079147315	2.00912855275667	0.00193214332825093
338	PD34200:30	2.96356691319643e-13	2.00013649789474	0.000538780839151207	3.20705215590831e-13	3.56772648470925e-13	2.01494591375198
339	PD34200:31	2.01143127104357	0.000826924162275334	0.000411667113332741	0.000499066720992025	0.00055118144792356	0.00187794352299088
340	PD34200:32	0.00148772485130133	0.000456533920166437	0.000352501477204043	1.00457449591841	0.000269549036965593	2.00844895331037
341	PD34200:33	0.00254264033869174	0.00427019064605336	0.000450632911326758	0.00133290634982424	1.0048704867167	0.00213141562799021
342	PD34200:34	0.00270972636020959	0.00115025696776358	0.000456354539051225	0.00146637389515182	1.00741153060191	0.0024039906617911
343	PD34200:35	0.00152536995579047	0.000566353100651625	0.000388449842367851	2.00699774704291	1.00470500618532	0.00139554283270222
344	PD34200:38	0.00290569475922845	0.00106393699537262	0.000448706689743671	1.00810432090402	0.000837200819899456	0.00223021211043685
345	PD34200:39	0.583635226208921	1.77628309263501	0.000375476962597247	0.807654612740602	3.56772648470925e-13	0.847662049156654
346	PD34200:40	1.00861506147208	0.00103908734483489	0.000437623348213002	0.000567174361926984	1.00332217358363	0.00161615333333529
347	PD34200:42	1.00682514166577	0.000931998683781518	0.000422983669869174	1.00559112312157	0.000433057612483759	0.00138481911365913
348	PD34200:43	2.01141762115402	0.000833342290981698	0.000421559817896552	0.000498536042507119	0.0005502204912975	0.00187677430404662
349	PD34200:46	4.00946023957664	0.000875015183583644	0.000386046092819773	1.0032654667858	0.000239679350024878	0.00135979053698385
350	PD34200:47	0.00189573652264581	0.000784327184711721	0.000401378772760997	1.0054598692319	0.000321450825778029	1.00672716224479
351	PD34200:48	1.00710192701913	0.000506798129102581	0.00040434405174908	0.000502829887019365	2.00567332923624	0.00140628849234806
352	PD34200:49	0.000862862708116997	0.000682828062587175	0.000339658243004545	0.000617369298742078	2.00422152790358	2.00887190417302
353	PD34200:5	0.00254264033869174	0.00427019064605336	0.000450632911326758	0.00133290634982424	1.0048704867167	0.00213141562799021
354	PD34200:50	3.01158024583787	0.00127035702537641	0.000391767443103295	0.00037086500280974	0.000389590607902441	0.00159426550736629
355	PD34200:51	1.00519358383021	0.000322907460734309	1.00205117505314	1.00401547406558	0.000234152056196337	1.00377169200842
356	PD34200:52	0.00138141736724708	0.00159731383273763	0.000397090804892184	1.00572404304207	2.00531199269576	0.00117473972747465
357	PD34200:53	0.000832650047763772	3.8249063341943e-05	0.000316477029349781	2.00524353802581	1.005176474711	2.00397074778
358	PD34200:54	0.00247267028938986	0.00101390612462152	0.000403833209617716	0.000841837307605747	0.000590635274799718	1.01027694357947
359	PD34200:6	2.0082193385772	0.00107269159785094	0.000431477977598182	1.00426340392398	0.000511530447497876	0.00108972569349038
360	PD34200:69	0.00248962215333977	0.000851440229073948	0.000404972572468998	0.000848685566415596	0.000610194949241115	1.01039490842712
361	PD34200:7	0.00270972636020959	0.00115025696776358	0.000456354539051225	0.00146637389515182	1.00741153060191	0.0024039906617911
362	PD34200:71	2.96356691319643e-13	1.05257742766612	0.000528053385356233	1.00484435306762	3.56772648470925e-13	0.957651433723232
363	PD34200:77	0.00104631541508124	1.32259953754663	0.000426150635872733	3.20705215590831e-13	1.69077729955367	0.000761981010316855
364	PD34200:8	0.00221720853989195	0.000690345956932175	1.00380712601712	0.00103216651445368	1.00640325219845	0.00144815734016836
365	PD34200:83	0.00219107580544618	0.00171232450987241	0.000430479726641327	0.00106540771410167	2.00838752035846	0.00180968489247084
366	PD34200:84	1.01027051176875	0.000948785019451924	0.000439866904600896	0.000810957686515578	0.00084833450720045	0.00228056571126619
367	PD34200:9	2.96356691319643e-13	1.42368748366027	0.000326806963701905	0.00560439168251544	3.56772648470925e-13	3.58599597781487
368	PD34200:92	1.01001978527479	0.00126799466496125	0.00043650725289503	0.000798113878387182	0.000830406738907698	0.00224621763189564
369	PD34200:96	0.00221720853989195	0.000690345956932175	1.00380712601712	0.00103216651445368	1.00640325219845	0.00144815734016836
370	PD34200:99	0.00290569475922845	0.00106393699537262	0.000448706689743671	1.00810432090402	0.000837200819899456	0.00223021211043685
371	PD34201:10	2.96356691319643e-13	1.14564129762429	0.000370855391989804	3.20705215590831e-13	0.862639873951807	1.00695862827156
372	PD34201:11	0.00188350951355362	0.000882420340202776	0.000378153958611147	1.00592964261675	0.000308314123267267	1.00620788078051
373	PD34201:110	0.00281017480593786	0.00129563766634271	0.00043765214665699	1.0042548446609	0.000811447499051813	0.00598035542376512
374	PD34201:12	0.002888384715277	0.00126841682754287	0.000445177567215759	1.00795646245503	0.000816261302946762	0.00221537312557689
375	PD34201:13	2.01141671465088	0.000839975489964357	0.000411592140722341	0.000498152003039147	0.00055184297515559	0.00187977691351622
376	PD34201:14	0.00100098273371349	0.00102042304720671	0.000363362057396122	0.000639380625536868	1.00486384671966	2.00770990648665
377	PD34201:15	0.946732274539834	1.0672345856762	0.000470732989412869	2.36097180900164e-05	0.000388831538546968	0.000760539748832039
378	PD34201:16	1.00705921514352	0.000624865934069014	0.0004064033935036	1.00563123851103	0.000459266500076419	0.00140813040530584
379	PD34201:17	1.0103338697307	0.000837457788660449	0.000441236045760176	0.000817733285223034	0.000852850078040364	0.00231587332849972
380	PD34201:19	0.00270972636020959	0.00115025696776358	0.000456354539051225	0.00146637389515182	1.00741153060191	0.0024039906617911
381	PD34201:2	1.01035722328326	0.000838635457446007	0.000441212857982171	0.000816475476461026	0.000852834333763431	0.00229263885444466
382	PD34201:21	2.96356691319643e-13	1.29520949885801	0.000459337538051626	1.86304430841948	0.856406365440166	0.0004745796002862
383	PD34201:22	1.00930963978828	0.000545742260185487	0.00037583442651657	0.000477197804554907	0.000337516899666342	1.00455291914753
384	PD34201:23	0.0024750327105857	0.000809760218435746	0.000424041647399798	2.00935190785077	0.00051952326370515	0.00199993790741006
385	PD34201:24	0.00290569475922845	0.00106393699537262	0.000448706689743671	1.00810432090402	0.000837200819899456	0.00223021211043685
386	PD34201:25	0.00248962215333977	0.000851440229073948	0.000404972572468998	0.000848685566415596	0.000610194949241115	1.01039490842712
387	PD34201:26	2.00530864333612	1.52140294250032e-10	0.000343560192693222	3.00628045112987	1.00302451787474	0.00060950436794266
388	PD34201:27	0.00133489593571566	0.988963073610681	0.000596613208554766	0.000111614104618492	1.02364311150988	0.000959548403161128
389	PD34201:31	1.0085974660055	0.000610939811616096	0.000419199928957218	0.000586865906517029	1.00371217311223	0.0016706231998874
390	PD34201:32	0.00290664193211678	0.00114451797390754	0.000447063591023949	1.00803678593469	0.000828757201102271	0.00222630719360663
391	PD34201:33	0.00182595795464963	0.000477140109331162	0.000412663770862528	1.00926516803057	1.00199605819417	0.00161131666538184
392	PD34201:34	1.84560786401479	1.31739305774188	0.000367793828529206	2.96016884992994	3.56772648470925e-13	1.89204533647735
393	PD34201:35	2.01151522969558	0.000719770792968453	0.000412507678158738	0.000502221434583761	0.000557908556975119	0.0018904145726307
394	PD34201:36	0.00180457008177686	0.000656659729760413	0.000409519760836157	1.00603285528421	1.00509608251243	0.00158864574529032
395	PD34201:39	0.00247267028938986	0.00101390612462152	0.000403833209617716	0.000841837307605747	0.000590635274799718	1.01027694357947
396	PD34201:4	0.00114432944390069	0.000264129704238797	0.000370977636577013	0.000593111087211358	3.01575791156276	0.997464090927638
397	PD34201:40	0.00153375289726143	0.000583913661920896	0.000387784550346712	0.000675026930434488	1.00440147263706	1.00801611783465
398	PD34201:41	0.00248929101788449	0.000788317730445689	0.000424458317290486	2.00933838176698	0.00052719040922026	0.00201256422949828
399	PD34201:42	1.00998178563741	0.00128933342534924	0.000457933654839949	0.000797089694544377	0.00082932009033291	0.00224356321886657
400	PD34201:43	0.00368055559001724	0.000307185723420912	0.000388263052282492	2.0042980680936	1.0055083224308	0.00139609439020057
401	PD34201:45	0.00270972636020959	0.00115025696776358	0.000456354539051225	0.00146637389515182	1.00741153060191	0.0024039906617911
402	PD34201:46	0.00248904123742744	0.000851337589290392	0.000404795292154124	0.000848806698994829	0.000609796705968237	1.01039604637258
403	PD34201:47	1.00548817107661	0.000529084121603552	0.000399143185739388	1.00431129791676	2.00399230258165	0.000865630577580517
404	PD34201:5	0.00187635960006826	0.0009265897063428	0.000398233468383456	1.00551363157911	0.00030252803901011	1.00657258347014
405	PD34201:50	1.00794341221766	0.0113341827361589	0.000404661488412765	0.000256552240888239	0.994599768828582	0.0010588258559231
406	PD34201:54	1.00998178563741	0.00128933342534924	0.000457933654839949	0.000797089694544377	0.00082932009033291	0.00224356321886657
407	PD34201:58	1.00709588167158	0.0012140687224851	0.000400401108500896	1.00510113154213	0.000411054345368875	0.00136659412205541
408	PD34201:6	0.002888384715277	0.00126841682754287	0.000445177567215759	1.00795646245503	0.000816261302946762	0.00221537312557689
409	PD34201:60	1.00682514166577	0.000931998683781518	0.000422983669869174	1.00559112312157	0.000433057612483759	0.00138481911365913
410	PD34201:7	1.00639182731081	0.00063369594802108	0.000411954744089077	0.000586768218897271	1.00591232873215	0.00166069154724667
411	PD34201:8	1.45294152092501	0.000437671924907711	0.00038776259140199	1.5603063649083	0.000350070309830234	0.00115982933437296
412	PD34201:83	0.00248904123742744	0.000851337589290392	0.000404795292154124	0.000848806698994829	0.000609796705968237	1.01039604637258
413	PD34201:9	1.00998178563741	0.00128933342534924	0.000457933654839949	0.000797089694544377	0.00082932009033291	0.00224356321886657
414	PD34202:1	0.00290969091765287	1.00679045430742	0.00103500539655556	0.00194767976595669	0.00114800114710397	0.0017799857221817
415	PD34202:10	0.000963987143948556	8.80313510698314e-05	2.00374334086576	2.00662175761781	1.00395471348417	0.000206682658990752
416	PD34202:11	1.00851994028247	0.00159580534087733	0.00055158378160158	0.000783297838586746	0.00193772898674235	0.0022106724126196
417	PD34202:5	1.00594610618754	0.000260437982872552	0.000387547402904757	1.00485552452301	1.00306699413689	0.00107076102968711
418	PD34202:6	0.0014085313236631	1.13048987324288	0.000581696691562614	0.000231901348366546	0.88188944002885	0.0010091848100595
419	PD34202:7	1.01029070344309	0.000924129887260536	0.000441168073715593	0.000812511749892288	0.000847966880278897	0.0022825412635123
420	PD37266:1	1.0050022070873	0.000746777627474561	0.000360206217609018	1.0034725822429	1.00270629218336	1.00329915427916
421	PD37266:10	0.00310996064971298	5.55840692606808e-05	2.21767502302793	1.01050109341948	2.77269364526255	1.01154975836312
422	PD37266:11	1.00699255679104	0.000939364928794122	0.000392271126569451	0.000463498212132288	0.000291116234407652	1.00652004939615
423	PD37266:12	0.000810749992022154	1.907520296533e-09	0.000333451189359786	0.000517618981529582	4.01254187874068	2.00138893215146
424	PD37266:13	1.00754586530038	0.00109125512713263	0.000429696122120097	0.00056495580875946	1.00436272628323	0.00160277460414843
425	PD37266:14	1.00339394233527	0.00660143708135821	0.000324564995088347	3.96958062823604	2.00205013751641	0.033605762766837
426	PD37266:15	0.00270972636020959	0.00115025696776358	0.000456354539051225	0.00146637389515182	1.00741153060191	0.0024039906617911
427	PD37266:16	0.00069117873201583	0.000313963726470833	0.000314682022209196	0.00048838891809759	2.00502477417296	3.00876298724308
428	PD37266:17	0.00164360907529353	0.000935202769589708	0.000335891798231296	0.000469461977990446	1.00476568838927	3.00744787635721
429	PD37266:18	1.00639182731081	0.00063369594802108	0.000411954744089077	0.000586768218897271	1.00591232873215	0.00166069154724667
430	PD37266:19	0.00127326330805818	0.000444033947781128	0.000378254094432942	0.000614301077201631	2.00445224587323	1.00843422047484
431	PD37266:2	2.00722670925049	0.000427893496356604	0.00033447446592048	0.000328099283204612	0.000224400490061594	2.00705613486167
432	PD37266:20	1.00706942104593	0.000633996500737846	0.000411927241722124	0.000586321662783532	1.00523562536461	0.00165997522023498
433	PD37266:21	1.00307681255367	0.000122200141784595	0.000343829288291162	1.00427639764253	1.00301144924273	1.00475651720288
434	PD37266:23	0.00107128883343119	7.16456349598312e-05	0.000343394086769465	2.01869911398332	1.00530651240499	0.990086223051426
435	PD37266:24	0.00169998690143572	0.00341298623145037	0.000379225998333602	1.35656313033633	4.24855090164129e-05	0.653488739420541
436	PD37266:3	0.0014964757583809	2.28768865472205	0.000456544918617645	0.000378335854581909	0.724562724476004	0.00104062655422134
437	PD37266:4	2.9957171862186	0.000138314815051181	0.000371189528482925	2.01248274567313	1.00630209695158	0.000563973652003632
438	PD37266:5	1.9364661253513	1.07086452542329	0.000359610191351471	3.20705215590831e-13	3.56772648470925e-13	2.00791904984386
439	PD37266:6	2.01135465818455	9.51353219504395e-05	0.000289391098626674	0.0010787000209028	3.01178279676666	2.99099157960501
440	PD37266:7	0.0014887052978899	0.000582195936584681	0.000401207450834162	1.0055371324479	2.00630689039326	0.00127045499414656
441	PD37266:8	2.00532343652343	0.000382070036469386	0.000347256451521508	0.000311589374445915	2.00535542576771	1.00387460059307
442	PD37449:1	0.00133412032152964	0.000843066982791163	0.000328251953272516	0.00136807261907649	0.000222017838223295	3.01150394727483
443	PD37449:11	0.00270972636020959	0.00115025696776358	0.000456354539051225	0.00146637389515182	1.00741153060191	0.0024039906617911
444	PD37449:16	0.00104349260923003	0.00021983806107246	0.000342445939194839	2.00621120091585	1.00371923899348	1.00404208654338
445	PD37449:18	0.00192789922467086	0.000535011387804541	0.000380100762658283	1.00603770758606	0.000353034633978955	1.0063561627851
446	PD37449:19	0.282266260926221	0.000896935461442979	0.000498641413844337	0.000495417371929241	1.72783562884068	1.00360365319283
447	PD37449:20	0.00151426489554476	0.000385660459100384	0.000531994736106295	1.00386227901011	2.00798565310861	0.00130674573571116
448	PD37449:22	0.00177346423144816	0.000881772061320305	0.000372074775581536	0.000599900003220386	0.000297012436444273	2.01167543253615
449	PD37449:23	1.00598759953648	0.000310586625635736	0.000295082898443597	1.00292731772984	1.00303051615935	3.00303577258075
450	PD37449:24	0.000808569376960412	3.38763663372561e-13	0.000313255163075943	4.00593480590906	2.00435921420473	1.00414099961452
451	PD37449:26	1.00756361853233	0.000898531320828091	0.000476719058593397	0.000464474507719647	0.000999745099724837	1.00519576615713
452	PD37449:27	1.00775944472093	0.00063399237166045	0.000411994195887199	0.000585702545609405	1.00454627108274	0.00165986266238694
453	PD37449:28	1.99518118423845	0.000179208539063923	0.000417295067276828	0.000349360201949752	4.01839811144601	0.00106587800927484
454	PD37449:29	2.00568986357563	0.0002876673016091	0.000328729174332032	1.00340386703068	0.000291688167689677	3.00558584008717
455	PD37449:3	1.01029101075376	0.000926213645907193	0.000440049938409073	0.000811906121203116	0.00084778012406751	0.00228206074288876
456	PD37449:30	0.00109435982876699	0.000993288040546574	0.000319987473434219	1.09341025550997	0.00016789964587994	2.91960294250556
457	PD37449:32	0.00247267028938986	0.00101390612462152	0.000403833209617716	0.000841837307605747	0.000590635274799718	1.01027694357947
458	PD37449:33	1.59423485117362	0.000481795516819887	0.000416073676747346	1.16578127724986	1.25382122546031	0.000849556249095125
459	PD37449:34	0.989607538776637	0.00046640262492253	0.000355681091112343	0.00040971625362108	0.000243598441820783	2.02451575712117
460	PD37449:35	3.01201311053299	0.000706983963728002	0.000400288055836683	0.000386136920683855	0.000430504495983681	0.0016600607360337
461	PD37449:36	0.00133685380436156	0.000444801989443316	0.000329370817700903	2.01012973901449	0.00024248511166608	2.00309659935656
462	PD37449:37	0.00270972636020959	0.00115025696776358	0.000456354539051225	0.00146637389515182	1.00741153060191	0.0024039906617911
463	PD37449:38	2.96356691319643e-13	1.31125868916634	0.000356765878898302	2.86219230566056	0.84144023664994	0.000336445256630678
464	PD37449:39	1.97145220521316	4.75204319793388e-05	0.000236680824883553	0.00100836688527239	0.000229515933614356	5.04262292534296
465	PD37449:43	1.00851994028247	0.00159580534087733	0.00055158378160158	0.000783297838586746	0.00193772898674235	0.0022106724126196
466	PD37449:46	0.00290569475922845	0.00106393699537262	0.000448706689743671	1.00810432090402	0.000837200819899456	0.00223021211043685
467	PD37449:48	1.01000817243482	0.00102477012733483	0.000398955885739622	2.00192145599811	0.000280896891104798	0.00194505211745585
468	PD37449:5	0.942222819730333	1.08613691313686	0.000326469153574128	1.996382474198	3.56772648470925e-13	0.990522263251991
469	PD37449:6	0.00248962215333977	0.000851440229073948	0.000404972572468998	0.000848685566415596	0.000610194949241115	1.01039490842712
470	PD37449:64	1.00851994028247	0.00159580534087733	0.00055158378160158	0.000783297838586746	0.00193772898674235	0.0022106724126196
471	PD37449:8	0.00118355515510357	0.000278215974672163	0.000359207804294288	1.00478797717451	1.00291245967413	1.00606675752221
472	PD37449:86	2.00428443490151	0.000863447059005801	0.000428324095253097	0.000352886909368759	0.000400722871793211	1.00926807427406
473	PD37449:9	0.00290569475922845	0.00106393699537262	0.000448706689743671	1.00810432090402	0.000837200819899456	0.00223021211043685
474	PD37590:1	0.000618918945505613	3.38763663372561e-13	0.00026988724050464	2.73023473467712	0.993028206255468	3.29141904504267
475	PD37590:100	2.0100877489437	0.00216616153288437	0.000386421736656793	0.000318111974204182	8.45450481567261e-05	1.00255491132836
476	PD37590:102	1.00754118248745	0.000633927824097704	0.000411923462217191	0.000585869585366585	1.00476409569497	0.00166026835319993
477	PD37590:16	0.00137894289944721	7.2364289316535e-05	0.000319757471913866	0.000491678546853399	3.00531972089185	3.00801175810844
478	PD37590:17	1.00486928673883	6.23076254753613e-05	0.000297043195571333	2.6191962083258	1.00308419766355	2.38806200807798
479	PD37590:18	0.00248904123742744	0.000851337589290392	0.000404795292154124	0.000848806698994829	0.000609796705968237	1.01039604637258
480	PD37590:20	0.652874362744175	1.549650418267	0.000461623448211071	3.20705215590831e-13	0.812014155065003	0.000614075034324927
481	PD37590:21	0.00192736448129021	0.000535057696865274	0.000380126609728295	1.00568231040317	0.000353014753117121	1.00671204587838
482	PD37590:30	0.000925780019082666	0.000351625620508383	0.000345449330404383	3.00573683293367	1.00355477512397	1.00465399176458
483	PD37590:34	2.00785489676174	0.000802660895775599	0.000379069904665772	0.000353575757647786	0.000239285343988586	1.00596839817437
484	PD37590:35	1.01001978527479	0.00126799466496125	0.00043650725289503	0.000798113878387182	0.000830406738907698	0.00224621763189564
485	PD37590:39	0.00225236821636201	0.000816599331435783	0.000434912487253676	0.0011173482535731	2.0090526376828	0.00192261563624635
486	PD37590:4	2.96356691319643e-13	1.20363677521245	0.000372270805385599	3.87727508929987	1.93369865916988	0.000588575593234222
487	PD37590:42	0.00270972636020959	0.00115025696776358	0.000456354539051225	0.00146637389515182	1.00741153060191	0.0024039906617911
488	PD37590:43	0.00290569475922845	0.00106393699537262	0.000448706689743671	1.00810432090402	0.000837200819899456	0.00223021211043685
489	PD37590:46	1.92997032325329	1.33319481668485	0.000289008470224929	3.80291498958012	1.9297270410125	1.01947528128275
490	PD37590:47	0.00186784534693059	0.00104295558458449	0.00039749845905382	1.00463285457987	0.000287616274407909	1.00736116545
491	PD37590:5	1.00558413901388	2.91756782957915e-05	0.000287629671530493	2.00379129162774	1.00418822837776	3.00169654355205
492	PD37590:50	0.000547256064262558	0.000140388628705517	0.000274441304314415	1.48830979950472	2.00250609887543	3.52380324272867
493	PD37590:51	2.96356691319643e-13	2.19500606015029	0.000359913948238235	3.20705215590831e-13	3.56772648470925e-13	1.82025735024302
494	PD37590:52	0.639370228423511	1.38397378714106	1.15196162848735	0.975034856036622	1.91967787585832	1.94558263293473
495	PD37590:6	0.000873641200576398	7.1502809094495e-09	0.000253628208640244	2.01096837608618	0.000263203531949791	5.00322046629345
496	PD37590:60	1.00441238767444	5.6408293085174e-05	0.000312391688923238	2.00465993026388	2.00313617598582	2.00299813123349
497	PD37590:63	0.00248958299211857	0.000851287333250264	0.000404759917583496	0.000849286859948472	0.000609794382668356	1.01039511240521
498	PD37590:64	0.00806796593743586	0.000766488597141715	0.000397104603609642	0.00084193758741478	0.000592674975276004	1.00493364691203
499	PD37590:65	0.00290569475922845	0.00106393699537262	0.000448706689743671	1.00810432090402	0.000837200819899456	0.00223021211043685
500	PD37590:66	0.00107435634295752	0.000481754984186599	0.000344703008555013	0.000551880162761176	1.00762139292236	2.00552380479204
501	PD37590:67	0.00165931850398463	0.00178230314800678	0.000385201198618059	0.000553755000979581	0.000183227304705924	2.01103586145958
502	PD37590:68	0.584842111298649	1.84157854479768	0.000373031568499421	0.971852097996704	1.00040159794871	1.61656027633798
503	PD37590:7	2.39069522391774	0.000170766194086	0.000274508747315783	1.00158586698118	0.000215567381745052	3.62264525998623
504	PD37590:71	0.00247267028938986	0.00101390612462152	0.000403833209617716	0.000841837307605747	0.000590635274799718	1.01027694357947
505	PD37590:72	0.00248958299211857	0.000851287333250264	0.000404759917583496	0.000849286859948472	0.000609794382668356	1.01039511240521
506	PD37590:73	2.00484946744676	2.24816718756065e-06	0.000330582796379979	1.00814530526392	2.00842147392232	0.993835362020607
507	PD37590:8	0.00248958299211857	0.000851287333250264	0.000404759917583496	0.000849286859948472	0.000609794382668356	1.01039511240521
508	PD37590:80	2.440584386664	0.000201632509805328	0.00031713717829576	2.00890499125439	0.000277177027590069	2.5652920751762
509	PD37590:81	0.00190949366897593	0.000684230961143709	0.000379119875533134	1.00594882095292	0.000333646305996579	1.00633460715393
510	PD37590:82	1.47235565616901	3.38763663372561e-13	0.000371378023377552	2.55818668908002	3.98417182520694	0.000480846951867522
511	PD37590:83	1.00708574426275	3.38763663372561e-13	0.00025359620788626	4.01390214786811	0.000228674107767962	3.99408862024256
512	PD37590:85	0.00272867925716563	0.000921254924922898	0.000458051887932296	0.00148131463250656	1.00757580048903	0.00243312891046251
513	PD37590:88	1.00907367685359	0.000801411057207819	0.000421606319153091	0.97656948392543	0.000152959014586157	3.02856974997587
514	PD37590:90	0.00146191674272758	0.000811903557750505	0.00050650246830543	1.12664135717676	0.000225234164525263	1.88594166643822
515	PD37590:92	2.96356691319643e-13	1.16638686746239	0.000333404768158466	2.94675367041989	3.56772648470925e-13	0.902109423414326
516	PD37590:93	0.283376802591244	0.000896161545817353	0.000495130824510913	1.00462297908895	1.72514458905279	0.00105115448043777
517	PD37590:96	1.00648985136794	0.000359768623797207	0.000353793544679209	2.00423721166676	0.000239223161266696	1.00389925660031
518	PD37590:98	0.00150729311120384	0.00033763998926324	0.000353129773551748	1.00412694279671	0.000284972464544026	2.00897978337229
