	MutationType	DBS_LIV_A	DBS_LIV_B	DBS_LIV_C	DBS_LIV_D	DBS_LIV_E	DBS_LIV_F
1	AC_CA	3.33497727563776e-05	0.396519735460406	1.8342368837274e-05	9.60950908028634e-06	4.45815043875392e-06	1.43418194684416e-05
2	AC_CG	0.000112621635407709	1.49254250941293e-06	0.000102149462707533	8.29776523932123e-05	3.77197777982414e-05	0.00208834669143784
3	AC_CT	7.48758664727561e-10	0.532401813166139	2.55300754192301e-05	9.94563104832537e-07	1.3044518268757e-10	6.79311704055244e-06
4	AC_GA	0.0566369717095169	1.57004510264657e-19	9.31812845626998e-06	2.71106117168504e-05	5.60702062062266e-05	2.7277729660728e-05
5	AC_GG	1.61095522674195e-05	5.095845638253e-07	0.0058333563135942	0.0036541758787089	8.44169258438365e-06	3.54256411901442e-05
6	AC_GT	3.14914446562397e-05	1.5578397480835e-05	0.0249284169023914	3.2877761758902e-05	2.73028795741199e-05	2.20236056982299e-05
7	AC_TA	3.34368903473446e-05	0.000415761344190751	4.64053592704742e-05	5.50418418111039e-05	0.035887952431928	3.79270245481131e-05
8	AC_TG	0.020005056586149	0.00419301867255442	2.82313719235305e-05	2.94301254655491e-05	8.41226928563626e-05	1.82096906638842e-05
9	AC_TT	0.056672409448789	1.57004510264657e-19	3.20921793856513e-05	4.52317176399001e-05	7.67676094397691e-06	1.49227852425228e-05
10	AT_CA	2.68368581337798e-05	1.57004510264657e-19	0.0136863580779958	0.0151236935695702	1.32692725952958e-19	0.00661419277131995
11	AT_CC	4.61629440677531e-05	5.5257735546257e-06	4.52801277877697e-05	4.68919278803268e-05	3.43534015953528e-05	4.46591594326793e-05
12	AT_CG	0.000113529464734276	2.99149248584276e-06	2.21527115255255e-05	2.42938060605977e-05	1.67149115329265e-05	0.00224396990162892
13	AT_GA	2.57768666385309e-05	2.54839081027459e-06	3.11262340421529e-05	2.3939341958987e-05	1.18001314070783e-05	0.0242276474027209
14	AT_GC	0.00037731984014129	9.76233507118071e-07	3.92142417389792e-05	1.28657491930232e-05	1.86787369430046e-05	0.00858010374894963
15	AT_TA	0.000182558137282571	1.57004510264657e-19	4.22486016676539e-05	0.0335731096964194	8.58786434912962e-10	2.5458386859342e-05
16	CC_AA	3.97460099707677e-05	3.1162326616313e-06	4.15108213925436e-05	2.90858951895208e-07	0.700219995583091	6.63065000628774e-10
17	CC_AG	0.164754612578674	0.000108962869499253	2.92242234916273e-05	5.15818016473211e-08	8.06090864288726e-06	2.92209846574028e-05
18	CC_AT	0.327078947140022	9.11020386607731e-05	2.63835581510074e-14	5.04996159092487e-07	2.52812527982157e-15	1.46120490499031e-13
19	CC_GA	6.87673818258949e-05	2.73532704999073e-06	5.50908255875562e-05	2.90337850852623e-05	1.32692725952958e-19	0.0504653810978947
20	CC_GG	3.92280090705592e-05	0.000743588367677526	6.63862096867177e-05	4.39343134435455e-05	0.0247778015406736	1.74069426814956e-05
21	CC_GT	0.0709301509708112	0.00711170256787865	1.13711072990781e-05	1.29600100852556e-06	6.05643548452403e-05	3.21290865452445e-05
22	CC_TA	4.75957046327547e-05	1.18756625582987e-05	1.90146974821564e-05	1.41475331579437e-19	0.0151522639432276	0.0628580393080717
23	CC_TG	0.00749130793213665	1.56980304415045e-05	5.02496431209608e-05	0.000188854975582716	0.0125083600174629	2.99685721957998e-05
24	CC_TT	1.65241428783199e-19	6.03229224688169e-11	1.60924106980839e-19	3.36924692579627e-05	0.0910692741073083	0.0498195416565864
25	CG_AT	3.72139379992762e-05	0.00224568953159302	1.85101339897961e-05	0.00569058899506129	2.06744507225125e-05	2.0358574550385e-05
26	CG_GC	2.61500955463444e-05	2.3740334157647e-06	2.66947212194746e-05	0.000123092825305975	0.00362070479083565	2.92527271114071e-05
27	CG_GT	4.691880123056e-05	2.28218644879216e-06	4.91852899104906e-05	5.87756673748327e-05	0.00365169181742929	3.09890393965499e-05
28	CG_TA	3.73747669048732e-05	0.00436086702963633	4.2620106222157e-05	7.09176949006354e-05	9.04805462848789e-05	5.50620730193701e-05
29	CG_TC	2.69102655249034e-05	2.71185509732216e-06	0.00552917120410074	0.000117823632506198	1.97657965997668e-05	2.3942454063427e-05
30	CG_TT	0.0369873032317153	1.04183330947352e-08	1.95504036207269e-05	5.21611113739743e-05	1.23370279330091e-05	2.91003991518063e-05
31	CT_AA	3.31324450946374e-05	1.57004510264657e-19	4.4020692891959e-05	0.0876874926723661	9.73110378650064e-05	7.25900447005657e-06
32	CT_AC	1.62835207891909e-08	1.57004510264657e-19	9.16565540966784e-06	3.1615587428912e-05	0.0100702483541422	0.0339874191804269
33	CT_AG	0.0443315391926367	1.30950755466866e-12	3.3672190294546e-05	8.9082633279139e-05	1.76861198098721e-10	1.62917224826927e-05
34	CT_GA	0.000101115885186031	1.57004510264657e-19	0.000114295455391445	0.0130339073497547	1.61867160748992e-06	6.63663706266423e-05
35	CT_GC	0.00738104682776477	8.85270095036059e-07	8.30716393722194e-05	2.55254965548944e-05	7.23486175939236e-05	3.34504406199761e-05
36	CT_GG	6.23087054831238e-05	4.98989436261495e-06	1.60924106980839e-19	5.34925678780074e-05	2.80204024946681e-06	0.0351464998918738
37	CT_TA	0.00015923489635271	4.82372233786311e-06	0.0271550655679433	3.24259503334822e-05	0.0220032834534043	1.70515608256568e-05
38	CT_TC	0.000204879629704134	1.36302872310429e-06	2.87101547739248e-05	2.62531253171404e-05	6.54158962329892e-12	0.0306544342559811
39	CT_TG	0.000199860784219514	1.15890987064851e-05	1.54763044975518e-09	1.18762817951423e-05	2.25583606101829e-05	0.0306612216959584
40	GC_AA	1.65241428783199e-19	0.000249330438482589	1.60924106980839e-19	0.391622147924259	2.36423458900605e-05	1.57434134887261e-19
41	GC_AG	3.94620456012599e-08	0.00420478264941521	8.2335724446523e-06	0.0615222661872777	9.13778189720784e-09	0.0114443658072931
42	GC_AT	1.02325481494591e-05	0.00584087653893365	6.11900076725556e-06	0.137004678841477	1.28349200762288e-05	1.65002697575437e-05
43	GC_CA	3.60978098135662e-05	4.56801297685241e-10	0.0394977457242758	0.0216920410193744	0.000242479583876286	1.57434134887261e-19
44	GC_CG	4.09545774475795e-05	3.02813521538125e-06	0.00560233868122034	6.20890926284861e-05	1.56994672127925e-05	2.33804434931034e-05
45	GC_TA	0.0321187535971528	0.00243749364965887	3.08434646013571e-05	1.41475331579437e-19	3.28581158905169e-05	0.00856911221148642
46	TA_AT	1.23681607050324e-05	9.33051060543506e-07	5.37337123369097e-05	1.66033889251678e-05	1.32692725952958e-19	0.0746294730527237
47	TA_CG	6.21783579432702e-05	5.46936737136656e-07	0.000352761222296544	0.00545218104801969	3.34118805897902e-05	1.52440832110995e-05
48	TA_CT	1.9142892593063e-05	1.57004510264657e-19	6.56814582213393e-05	0.0765636899381761	1.04832756505269e-08	4.20969584496225e-05
49	TA_GC	2.33023508371215e-05	3.02024979866005e-07	0.00671290533805081	0.00303498041119954	1.91601921414612e-05	4.48300585418555e-05
50	TA_GG	0.00487191936128383	1.34143781477132e-06	5.44896082544063e-05	4.65839294689453e-05	2.37791881745926e-05	0.000135248333202737
51	TA_GT	0.000164856098550433	1.57004510264657e-19	4.44434146254514e-05	0.0204553783489699	3.79920013640687e-05	6.65889815412721e-05
52	TC_AA	2.73707791329838e-05	3.2286001363829e-06	0.529713544492203	5.39858711228031e-06	2.51374800337006e-07	5.36017114620968e-07
53	TC_AG	2.3206646352431e-05	5.32909390707731e-07	1.65281071791611e-18	5.77251240560178e-05	2.9973222164739e-05	0.0307666974565392
54	TC_AT	8.99547139169635e-15	5.36754447971887e-07	6.03239473170695e-05	1.55709743179915e-07	4.33436628176674e-05	0.177559743491768
55	TC_CA	2.28857344024279e-06	2.45264342277337e-06	1.60924106980839e-19	3.39846593667307e-05	1.92248826983034e-05	0.127209870217217
56	TC_CG	2.2201575246414e-05	2.5539450780988e-06	2.17180926300604e-05	6.74908487800018e-05	0.00549262124571127	2.57031405885394e-05
57	TC_CT	1.65241428783199e-19	0.00386494600375537	0.0973239817153821	4.22991191689117e-05	6.25248040078102e-05	3.80761961481677e-05
58	TC_GA	2.96846051403129e-05	0.00364014818500233	9.12799229247186e-05	2.13966669398973e-05	1.32692725952958e-19	0.0337586894519063
59	TC_GG	2.12057902777091e-05	5.95888069386606e-06	2.19929928945686e-05	4.24716399129408e-05	0.00730406493126688	4.94850155190718e-05
60	TC_GT	0.000106040573482411	2.67588042000099e-06	4.2577338893989e-05	5.73604253322976e-05	0.0452102262672846	4.43345699840157e-05
61	TG_AA	4.35963800898636e-05	2.22782550778209e-06	8.5314875805814e-05	1.41475331579437e-19	3.26671316967598e-05	0.0745552273039005
62	TG_AC	2.86353510646641e-05	0.00274614413657429	0.00562122237067352	5.55538329564408e-05	0.00321401732451654	2.73756693204764e-05
63	TG_AT	0.000249182048188558	1.57004510264657e-19	0.000198241237004837	0.106154402519654	1.32692725952958e-19	2.59223012182663e-05
64	TG_CA	0.028877555103553	7.32670413893161e-06	0.022871258193766	1.21285818427122e-05	0.0145603101400158	4.85884636305598e-06
65	TG_CC	0.0197920176091316	3.97626837811069e-07	1.69516633749016e-05	4.11289026427743e-05	2.27190758908364e-05	2.09197814925178e-05
66	TG_CT	1.65241428783199e-19	0.00308764500779938	0.175577623777268	5.40473811657152e-05	2.6858387275581e-05	7.21262512187961e-06
67	TG_GA	0.000613248405829831	1.57004510264657e-19	1.42967009628182e-05	4.87621214282383e-12	6.97250484041709e-05	0.0368214452317907
68	TG_GC	2.4558412799798e-05	1.57004510264657e-19	0.000104303332249644	0.0148729172912406	6.54112787341164e-05	9.5890031886502e-05
69	TG_GT	1.33988885930754e-05	0.00934265991167286	5.35201915694923e-05	9.19841345674684e-05	2.16568602924378e-16	0.0522068890313507
70	TT_AA	0.104349568158924	0.0102372248806867	5.95776511303094e-05	1.2013427522158e-05	2.97652657948413e-12	5.64259421149068e-05
71	TT_AC	4.83239861196983e-05	0.00601330822264146	2.3211326303573e-05	0.000412932199225057	1.13897683995156e-05	0.000319797712987336
72	TT_AG	0.013714000606098	1.83999609587468e-06	0.0121736835094938	3.75758189203556e-05	1.90355055741566e-05	0.000169043073208692
73	TT_CA	2.54527749325444e-05	1.45321806303764e-06	0.0193030583118871	4.85515891471533e-05	1.93662249891384e-05	0.000119872277654494
74	TT_CC	2.10477292940997e-05	2.49609695474387e-06	0.000218097605606738	2.68989554297798e-05	0.00359131531591279	3.02085744024958e-05
75	TT_CG	1.85867717410839e-05	2.45675976644638e-06	0.00550268357690821	0.000120757226708898	3.51881236657776e-05	3.05308558651823e-05
76	TT_GA	0.000134039487280798	2.27572812394726e-07	6.78566951310682e-05	2.02068256923972e-05	1.93937496681072e-07	0.0153603917712333
77	TT_GC	9.7882070141952e-06	1.07886043527001e-06	4.23007061348661e-05	4.61521450566773e-05	1.59032588568458e-05	0.017631666875907
78	TT_GG	4.61629440677531e-05	5.5257735546257e-06	4.52801277877697e-05	4.68919278803268e-05	3.43534015953528e-05	4.46591594326793e-05
