	MutationType	SBS_COL_A	SBS_COL_B	SBS_COL_C	SBS_COL_D	SBS_COL_E	SBS_COL_F	SBS_COL_G	SBS_COL_H	SBS_COL_I
1	A[C>A]A	0.0387767096679886	0.0027067831793895	0.00941864751977461	0.0378359164593163	0.00431185083444821	0.0011719601764676	0.0123730866799531	0.0255101266817256	0.0107979201973485
2	A[C>A]C	0.0212762976238732	0.000458066476052732	0.00899659798480491	0.0109511386106508	0.00237756317846032	0.0247340181381632	0.019055622425547	0.00792569037160166	0.00343313247942011
3	A[C>A]G	0.0135973460233627	2.08773682787822e-05	0.00104474061398433	0.0018331351130549	6.21724711992584e-21	6.77097912797576e-06	0.00408899523386561	2.72086527964684e-11	0.00426750726262445
4	A[C>A]T	0.026868506423797	0.0018778032388875	0.00462674324243713	0.0172427803011295	0.00191148720240938	0.00386554317619116	0.011001632354114	0.010853990310908	0.00151628994734961
5	C[C>A]A	0.0302562671614079	0.00192454215933332	0.00228531598230588	0.024387992659343	0.00440066031955076	0.0197028769840484	0.0141724589409287	0.010724619072627	0.00208790334247071
6	C[C>A]C	0.0135005177555627	3.64642393169964e-05	0.000282695780443329	0.00980148131874105	0.00217878382037575	0.0213317860776293	0.015244666331585	0.00737210577696998	0.00112040543222099
7	C[C>A]G	0.00356227978964219	5.11331137317823e-21	2.45919139947898e-07	0.00281146356329944	0.000216900587680848	0.00353572130962513	0.00334034501497754	0.000248312222923877	0.00323775755032073
8	C[C>A]T	0.0168816707581635	0.000423626392129173	0.00042497344758264	0.015855848722512	0.000589823345607705	0.040896122879196	0.0116756679965405	0.00610915764706696	6.4223337491054e-10
9	G[C>A]A	0.000148285341261061	0.00274412196752064	0.00187235418234381	0.0610558493065455	0.00434681143733466	0.00943918131849216	2.43769331069335e-06	0.0211708903094054	0.00817566594323182
10	G[C>A]C	0.00213228648981211	0.00131323623445333	3.08643883367016e-05	0.015261294492504	0.000774663243849102	0.02298159344131	0.0152881415296056	0.00385252550952809	4.2190609651831e-05
11	G[C>A]G	0.00190502771602709	7.01287261285367e-10	0.00125521040444022	0.00427732653925989	0.000809217137548491	2.61833859562504e-08	0.00437767636104694	0.000376010773496635	0.00454045625503475
12	G[C>A]T	0.00454743030016606	0.00210333606027827	0.000525469492974767	0.034944896690232	0.00296588856665003	0.00651219047011947	0.00279107697015262	0.00981836913071541	0.000911995957714923
13	T[C>A]A	0.0159775817443255	0.00181260915058728	0.00220028854086064	0.047533722812953	0.00432763084849058	0.00127486160988648	0.00254474108593764	0.0229002479358211	0.0105553207354363
14	T[C>A]C	0.0165964423073204	0.00197113498176691	0.00221057363046025	0.0339270907919914	0.00288682530773728	0.00991089812550902	0.0144316850617348	0.0157736928717104	0.00522886394229302
15	T[C>A]G	0.00152415187317636	0.00021291171068417	0.00118258124361566	0.00690606067352962	0.000728272513611485	7.46328689406176e-12	0.00207823239802625	0.00102198189344457	0.00618884744394
16	T[C>A]T	0.0148302539327585	0.0056259659413231	0.00105315634117724	0.0714062795914163	0.00466805592194789	0.00885932039883225	1.17526054864185e-10	0.0286441861401231	0.00891691097962807
17	A[C>G]A	0.017532014727259	0.000313580058063693	0.00238864321293974	0.000926345903141162	0.000783737994504409	0.00511774712814732	0.00741476192834397	0.00464425869183396	0.0164720782837682
18	A[C>G]C	0.00718171076988532	0.000548211373728123	0.00194884119768569	0.00150936006946001	0.000677089323196769	0.00661677861905725	0.00303172610346352	0.0013587359557314	0.00893067417055125
19	A[C>G]G	0.00794378330742326	1.75735020020408e-05	0.000337296231960352	0.000601681432920444	5.72115428767983e-21	7.54741715783747e-21	0.001048569881028	2.47152687913784e-11	0.00218921492931566
20	A[C>G]T	0.0137770367966786	3.48676691864492e-05	0.00233107154938856	0.00209636847625932	0.000691891963420901	0.0058362359560863	0.00510018707782855	0.00377732089105503	0.0156488992318913
21	C[C>G]A	0.0192465782308046	0.000196989356386991	0.000366697289245711	0.000315722558805393	0.00207454069855173	4.10889959761343e-07	0.00234407603264035	0.00328489100202086	0.00958089442799706
22	C[C>G]C	0.0132164464681442	0.000335713950537202	4.84146514027318e-16	0.00151882649109452	0.000716483444329834	0.00246656960630089	0.00482233226984574	0.00164680119514371	0.00610579691515323
23	C[C>G]G	0.00568007231939177	4.37776527265361e-06	4.4798815262789e-05	0.000262310384632353	0.000165913870324866	7.54741715783747e-21	0.0015043831704486	0.000265393434120414	0.00335877678632843
24	C[C>G]T	0.0201520312235253	6.55665718823055e-12	0.00126832457932144	0.000559732820699255	0.000975034559771206	0.00221333622508876	0.00506438976930081	0.00397334401546277	0.0146458691910319
25	G[C>G]A	0.00829203657783354	0.000458961795064751	0.000517413823082122	9.47293283876495e-05	0.00038516885488534	0.00161365655135719	0.00359488620408107	0.00243268619146803	0.00620485384283316
26	G[C>G]C	0.00489811742744947	1.01707080213889e-05	3.91634948190223e-09	0.0020538572579812	0.000147358256826887	0.00712303034921876	0.00444810725919033	0.000811494853287506	0.0040635891775893
27	G[C>G]G	0.00283778422792319	6.30866236643318e-07	1.94474212935185e-07	0.000416502655308222	2.30795708154717e-05	0.000508565961852575	0.000893860225118438	2.16831718139943e-08	0.00129156109722347
28	G[C>G]T	0.0060461169772346	1.62732121654565e-05	0.000812120988453996	0.000991050158608119	0.000480377101529382	0.00464083918162644	0.00233938600381611	0.00262439214891076	0.00968616226804678
29	T[C>G]A	0.0321172338658992	5.11331137317823e-21	3.97725785898724e-06	0.000392552257993138	0.000698543741688883	3.41557547542707e-05	0.000229044279841559	0.0218811779152898	0.0115577279228098
30	T[C>G]C	0.0213987859884519	2.31755634007169e-05	1.18126300838111e-08	0.00269818949453591	0.000385998053108476	0.00444297579736793	0.0031404400907641	0.00529461301367033	0.00871125850926307
31	T[C>G]G	0.00552502257972888	1.94354920868187e-05	8.58742350515021e-17	7.38717516176953e-05	5.72115428767983e-21	2.68348126741551e-16	0.000497986227111143	4.58545360733529e-17	0.00306155107277074
32	T[C>G]T	0.03252037285814	8.76237319191799e-05	0.00213345565246683	0.00202453324139641	0.00112104653049133	0.0102609740036686	0.00251244547143065	0.0364520253957957	0.0221175202373657
33	A[C>T]A	0.0622764339272638	0.000712187545509371	0.017925599942657	0.00299956941350455	0.00255717646534042	0.0106437247412962	0.0315654193524335	0.0227527112355899	0.0370007443280338
34	A[C>T]C	0.0108846499803898	5.11876463704696e-05	0.00722733950779592	0.00515580914534042	0.00307875846118188	0.00749344233804445	0.0390442770213394	0.0090713246371748	0.0135220438004689
35	A[C>T]G	0.0313365038275849	0.0138093040863427	0.300317658873749	0.157080434259702	0.0296320638573353	0.0118632857435156	0.0523853106409814	0.126992614410796	0.0437054969081421
36	A[C>T]T	0.0341347304715338	1.98058301495769e-06	0.0138191398433285	0.00579557574474716	0.0036078711762841	0.00155959995388622	0.0392743516382226	0.020852150357929	0.0121348665162295
37	C[C>T]A	0.00455832095525752	0.00124322129379263	0.00539998973719443	0.0127910353712662	0.00439208777607899	0.0120711469991875	0.0350248618226533	0.0154931980734531	0.0111001527311718
38	C[C>T]C	0.00275272411851513	2.33367699810783e-08	0.00255363935989192	0.0136168915174201	0.00146964000049632	0.0460053721508391	0.0557249770464902	0.00582994181832561	1.07992989078078e-07
39	C[C>T]G	0.00853904256823714	0.00996662150557148	0.141172763968205	0.0761058609341788	0.015841637016399	0.00684332755397848	0.0289675172595612	0.048800580168885	0.0516849300294691
40	C[C>T]T	0.00454334804780789	0.00137073481673948	0.00435573262496351	0.0116689165457825	0.00362409989496867	0.0377125529670638	0.0617429739578267	0.0116736864412975	0.0017350322562384
41	G[C>T]A	0.000384111651565659	2.16869570580976e-13	0.00939838861029257	0.0109974631192433	0.00322917666447845	0.024267369650042	0.0225643950055468	0.0164628950817406	0.019250887856767
42	G[C>T]C	0.000945539504029267	0.00217741437262498	0.00496465758578465	0.0145615870546343	0.00362397326621432	0.0155227367237053	0.0585258667335836	0.00855701778285141	1.65840348050475e-05
43	G[C>T]G	0.00719668236342306	0.00784804137973442	0.175698817078237	0.0999683001165239	0.0160497368495705	0.0267840051787374	0.0409826328756666	0.0807612383051306	0.0266840360419208
44	G[C>T]T	0.00400160653968468	0.00123439292534209	0.00931350153044514	0.00845372691441485	0.00460260978764543	0.0130803286630553	0.0383265939296059	0.0139384570096852	0.018171055943315
45	T[C>T]A	0.0059394495379461	0.000859957545000592	0.0113317522427759	0.0101230520065879	0.00262388076560849	0.00728372310492896	0.0134478491614732	0.0479032525424521	0.0260671449659351
46	T[C>T]C	0.00773181379800077	0.000193944627016295	0.0119101548600876	0.0132211686319964	0.00486418881674946	0.0159703676420882	0.0411426303642324	0.016202719673718	0.0184355149424365
47	T[C>T]G	0.00733634560277098	0.00609342796003096	0.106507250956463	0.0592589653402822	0.0111475807961335	0.00334253523142275	0.019146071203766	0.0567644691909989	0.0295124130368024
48	T[C>T]T	0.00393022191769361	0.00242322242024344	0.0110477750602804	0.00858274626712501	0.00408174557962248	0.0154474154514404	0.0212027225755639	0.0500357937491354	0.0230249734152522
49	A[T>A]A	0.00786495739779446	0.0423643355897335	4.70464931751616e-09	0.00208960092275537	0.0339690008615717	0.00117355644515054	0.00154686652828915	0.0187564892322886	0.00192839430005898
50	A[T>A]C	0.00159870737243466	0.0302749545369191	0.00275586650783229	0.000514464944122807	0.00215176599019648	0.00749330281515139	0.00348540530153937	0.00311568643914772	0.00634504026574453
51	A[T>A]G	0.0122573102053351	0.00428157625763011	0.00306469943799488	0.00167642738948112	0.023213652548172	0.0063469829078349	0.00624452042003622	0.00124293368166366	0.00840800588310524
52	A[T>A]T	0.00230925666967075	0.0524340612301127	0.00966958839753335	0.00533803363924893	0.0239261595653338	0.0130343475761583	0.00241086372182934	0.00594206666434548	3.59283590456132e-05
53	C[T>A]A	0.0283279256950975	5.11331137317823e-21	3.39133198320265e-21	3.12840728560059e-21	0.0682268926242673	0.00194774790018796	3.49949229319499e-21	0.0165926632360155	4.91516337994871e-21
54	C[T>A]C	0.0192689159741469	0.000338941598402268	0.000501766457348214	0.00306199377491931	0.0145010586460563	0.0280164744960846	0.00415466213661565	0.000378615138210371	0.00029630065658587
55	C[T>A]G	0.0426930011984912	5.11331137317823e-21	0.00107398803985859	0.00190335071732616	0.0821937925370266	0.0130280858073376	0.00260211579085605	5.33587023121096e-10	0.000113703016477549
56	C[T>A]T	0.0169118357640377	0.000244568864632621	1.37861476284693e-07	0.00501378700210629	0.0517895802504142	0.0682855699163373	0.00436495557006583	9.02054959150715e-09	6.04105019831173e-13
57	G[T>A]A	1.29826583940509e-11	0.00222663150640243	2.62102326690095e-12	0.00017145589129173	0.0677796626149264	7.54741715783747e-21	6.71569178580815e-13	0.00561133282454033	0.0027844133346031
58	G[T>A]C	0.00241262870580005	0.00307878801512514	0.00123193987833724	9.67783133870616e-05	0.00598957391730574	0.00385496538371739	0.0018071678359992	0.000763703821970071	0.00404951640827681
59	G[T>A]G	0.00650821624556695	0.000254157926092028	2.9495450393949e-13	7.5726340592202e-05	0.0617605601488753	0.000122117793406103	6.11636795189149e-05	5.25439625821059e-21	0.00723819907276147
60	G[T>A]T	8.64111503174142e-19	0.0117309617913855	7.18320088865015e-05	0.00284839511623383	0.0522934484424568	0.00635775078082113	0.00138808703437268	4.43182587459141e-11	0.00197807790146993
61	T[T>A]A	0.000108583537979222	0.0145739137800786	0.00583423893201104	0.00374756248260027	0.0337542854637874	0.000188276462537128	2.75200086209307e-07	0.0385679052808724	0.00430299949529763
62	T[T>A]C	0.00213687231943809	0.0108728999689467	0.00116477996671135	0.000773332327332253	0.00345049179366192	0.00745282069153362	0.00225450853513594	0.00248939816458644	0.0054231612922079
63	T[T>A]G	0.0113167035881486	0.00162268082846133	0.000630133443681842	0.000842017803859738	0.0200585137322134	0.00628169797132941	0.00373153358111447	1.73716968086814e-13	0.00283357131805726
64	T[T>A]T	0.00180327778262314	0.0789337532836135	0.00461286750970624	0.00505495014261762	0.0291550216400707	0.0182847064975581	2.66456440031839e-10	0.00519404210722892	1.27036486405033e-13
65	A[T>C]A	0.0122242880841235	0.0921764126669732	0.00513315402787837	0.00189843345533245	0.0166482186686463	0.00849353115609117	0.0254366079691273	0.0102210048842176	0.034793629049405
66	A[T>C]C	0.00137261388306423	0.0429550270750434	0.00498681132891189	0.000328150891041715	0.00313171219367365	0.00720196330963362	0.00949854627351721	0.000264632103086289	0.00858055123193985
67	A[T>C]G	0.0158117816526701	0.00690530537725756	0.00599461867462554	6.02699165216753e-05	0.0097553552179582	0.00126780052721034	0.0127191486870509	0.00258414639189315	0.047973888383325
68	A[T>C]T	0.00792066118380983	0.191916118159659	0.000917185491363225	0.00485247864138275	0.0117567390043966	6.97712582305266e-05	0.0244293354943948	0.000233736358271879	0.01884580593965
69	C[T>C]A	0.00260293737521893	0.00081733678851226	0.00470987397846257	0.00199173556470493	0.0106217394865715	0.00530793305728152	0.00606417555908581	0.00987568204996586	0.0131444072300466
70	C[T>C]C	0.00165596682897223	0.000302321055198962	0.00651417533131332	0.00203384593538224	0.00445078353386827	0.0248536866630941	0.00442583344751497	0.00070529747206429	0.0141317149483267
71	C[T>C]G	0.00727941430504835	0.000147284732932452	0.0035448561978049	0.00175621668461017	0.00746103603081241	0.0124433128348695	0.00580888563134563	7.64440677338835e-08	0.0266695219331264
72	C[T>C]T	7.09470717510566e-06	0.00114142566603086	0.00408680947955461	0.00388091541855465	0.0100210521875204	0.0295252807845854	0.00475740676836672	0.00356639563305882	0.0200428773806561
73	G[T>C]A	7.51010188723228e-07	0.00389876927579686	0.00717369311835871	0.0040937223214317	0.0414853298339906	0.00250107605942079	0.00973758694133597	0.00331845865117498	0.0214446316779623
74	G[T>C]C	1.28729747284765e-14	0.00205998942995267	0.00714102034205153	0.00371083125843907	0.00404555331179891	0.013066058036188	0.00469261275995961	0.00517519471718985	0.0102776926872958
75	G[T>C]G	0.00625721250223207	1.46708426685784e-07	0.00578059422718069	0.0017104150190385	0.0192517801524273	0.00484070415841928	0.00333452728917542	0.00225412972983351	0.0203903754558731
76	G[T>C]T	6.15480688317767e-16	0.022171860707644	0.00509319044540913	0.00372784917638299	0.0286316082962503	0.010680677169021	0.0152874012066869	0.000911824808648995	0.0221598490224651
77	T[T>C]A	0.00419082949650465	0.0117575089639853	0.00433790119069239	0.00203152118906308	0.00857790221127496	0.00558774036746384	0.00894519728740726	0.0121957815928796	0.0230435486555849
78	T[T>C]C	1.17281354143225e-08	0.00604619912327667	0.00643009342784569	0.00366825100763228	0.00413619224116907	0.00636019641650078	0.00582128697018424	0.00539278490425496	0.0142388922680363
79	T[T>C]G	0.010521491118843	6.843265266915e-05	0.00483136382153709	0.00162453568534021	0.00338115068152222	0.00237234279505955	0.00392498523989456	2.30496383899047e-07	0.0195588544011034
80	T[T>C]T	0.00360986663383794	0.117901855634701	0.00165384037345155	1.46915242638195e-06	0.00797063211602119	0.0102526154528402	0.0141142201619181	0.000776127865402756	0.00893330722280027
81	A[T>G]A	0.00521976559118337	0.00629027888361817	0.000898978863336061	0.000264291097933195	0.00618315483065655	0.00541854064718942	0.0021386563998073	0.0040548474665849	0.0050783680933436
82	A[T>G]C	0.000935133637724545	0.00280437446578852	1.2467975853035e-10	0.000989766371890527	0.000403263260830682	0.00266084027917169	0.00221573984123616	0.0017125279130951	0.00354627002198618
83	A[T>G]G	0.00546139166699471	0.00116608783250183	0.000325088162406172	0.000973246727359289	0.00440494097116782	0.00405506325070174	0.00320263313585444	0.00225180270151093	0.00840713315920869
84	A[T>G]T	0.0042483235588163	0.00714047573682609	0.00394550967517426	0.00016067830271367	0.00107958398788038	0.0144858923071762	0.000787753915835084	0.00294821131859597	0.010655705397949
85	C[T>G]A	0.00739481698412528	0.000252415534286993	0.000327775744660288	3.12840728560059e-21	0.00648723378013357	0.00192023548100301	0.00142552668221639	0.00543644976939925	0.00245223314638628
86	C[T>G]C	0.00189119678976142	0.000305314492189465	7.97369817285466e-07	0.000291769086535911	0.000595920017273098	0.0177319518013034	0.00288602036267674	0.000858737437285289	0.00515844444079847
87	C[T>G]G	0.0100601883495127	1.18591047571226e-07	0.000102290648262164	0.000987360797575778	0.0163324733638123	0.0083716510117636	0.00150851652274926	5.67784268638885e-17	0.00961026833256736
88	C[T>G]T	2.49576561277247e-06	0.00106156625097886	3.24967292582301e-13	1.0553256503848e-11	1.88910678953423e-11	0.0711095449639479	7.71182263147842e-21	2.1439951734429e-06	0.0107543509027913
89	G[T>G]A	0.0153484887821096	0.00315641051425842	0.000187687304213716	4.99783486308806e-06	0.00483348069647284	7.54741715783747e-21	0.00142542008226358	0.00253482980825558	0.000304266240735014
90	G[T>G]C	0.00112551983226593	0.00250539703857855	7.43038306088326e-09	0.000264212503469944	5.72115428767983e-21	0.00549135173331838	0.00134135338327011	0.00040721233129675	0.00198738825620597
91	G[T>G]G	0.0609406756734965	1.51963547567616e-08	1.00342207913005e-08	2.15310824126155e-06	0.0104275964294381	3.85612429278356e-07	3.23046217163676e-20	1.44065199419111e-18	1.20107058747248e-10
92	G[T>G]T	0.00214058387931763	0.0118023497120014	0.000940845311438361	0.000486905807788414	0.00474690810180736	0.0198653483348513	3.11904558598727e-13	0.00161718113734504	0.0023524199533377
93	T[T>G]A	0.00695224580548349	0.0147874424173953	1.51639546521678e-06	0.000323263424928105	0.00429177793917718	0.0034228072406137	0.00341476111461941	0.0090814974542125	0.00428133001181707
94	T[T>G]C	0.0032376625646163	0.0104755333515916	0.000627454864665074	3.09294469313132e-08	5.72115428767983e-21	0.00781174379512469	0.00284772391785928	3.32724753899018e-08	0.0068888219768533
95	T[T>G]G	0.00491041977113794	0.00126020743236399	0.0011935353624101	0.000846123034237167	0.00992400123831014	0.00698756585927652	0.00228574336149908	5.17530456409302e-05	0.0109566772155433
96	T[T>G]T	0.00392025430233505	0.110209066458385	6.80546396835416e-09	0.000877668525234841	0.00350249401665559	0.0229849027979086	0.00194876921219747	7.13084911198007e-05	0.000905882353514882
